674895
388473
930698
1310924
1814851
1776185
1716506
1954126
1382514
1709019
1991394
534212
1376022
8414
1408916
1228878
148111
1084313
594351
927813
39555
1957574
1401519
147367
479082
454133
1339924
1843114
1792855
851650
325215
637878
131506
1007302
634871
676691
1478122
1653065
1907406
1569214
158436
83763
1135806
1118692
425433
210214
853426
347882
1807994
1050958
1778865
863108
639613
273081
1030285
1960998
1612568
363591
1541948
1850816
886628
1025370
1660130
587474
1723597
148736
494871
497019
55815
1035416
1547663
16159
1381109
799611
1949062
76652
1364525
347291
839349
1149591
1610106
204003
985279
807280
572826
1478795
875123
251558
1882975
1860379
828227
1432775
44575
1925654
756600
1445950
1942585
272678
1533073
58300
