1860929
4894
1246183
1550327
1231397
1823883
963515
297089
765138
1488307
45110
566831
1735239
655464
508876
587451
382460
1690158
1094566
821234
1953359
1922587
1818259
1863919
891621
85708
639541
528720
237858
618367
93908
1809673
1078174
1122273
467115
189005
1198503
1558238
1437871
32731
1885157
356284
1622698
711994
1406578
1317470
1685187
1134071
307972
1642767
230198
1587857
537657
451898
464058
252445
1252101
1295606
227639
299296
391678
1596971
531191
475912
209513
509117
1375249
123262
1905675
1843084
908831
211872
895259
1618656
858885
1709435
1025244
275229
1735428
1816425
985750
162503
1397345
1479733
634909
170738
272886
950214
186952
617357
1260439
1560390
129318
993309
850365
502316
1986612
1750657
160763
1261876
688737
1559712
364040
103953
1508746
1739835
821017
2656
1842561
1638654
516015
347645
829991
1127217
1405053
986750
640611
261962
296852
1257502
122162
1695793
626929
1205886
854568
253316
1847208
626668
215634
1424671
1235611
1861856
360800
1927320
757570
694860
1335672
675752
375730
436404
635243
343313
842919
1290417
1186440
1534405
1145932
275424
1879391
1172827
1774754
1305552
203954
1661951
341149
591249
1948842
1416755
1104037
1565207
872336
363712
1149819
1328259
346673
1315370
225608
1110548
711210
1506180
1925616
1024540
1582508
1528776
1063232
1227233
1383856
1823601
1667345
1010821
1946153
323367
551293
1055662
1846340
1331161
491973
1050739
738935
506972
1560086
1890686
349844
1332646
154615
341835
1781301
948701
674257
424255
1459451
777385
1989459
696426
1838876
108832
751478
483951
86277
758100
1808158
861447
961724
351353
1106110
351249
702642
1637726
476834
15891
1049774
443564
687649
338687
1985519
33419
749441
942496
1453877
108909
192299
122982
1688738
1876068
731359
1645805
1086384
193683
674205
597402
1239058
1683663
385178
997956
882321
143696
554821
1355111
114865
1234558
618387
1090293
1394603
1699751
511657
1697104
1624461
713320
1759604
1066373
1595107
1597527
1150293
234030
356191
1779770
1741268
1991119
18164
1072321
53530
1216239
142975
1274457
1919229
1863097
904672
1073321
840580
1623686
1338704
1941572
160961
989718
1823866
177570
1275159
626422
163748
568305
1084747
1112678
721045
1897694
118860
304309
1087121
813259
193529
152980
66168
1531990
1243302
1416703
1304206
642989
1371119
660624
1430125
891423
675769
1866784
547766
1769065
1264021
32064
717613
1884853
1321157
1302755
485363
1151829
484768
319950
1690958
146368
553476
145287
1273131
998006
1227749
1710663
1908169
1467192
435595
195100
10096
815837
1154575
1834404
339252
559861
1398831
936058
258174
445884
1550003
785412
146227
1038873
1938532
705666
1696889
129514
667451
419627
947464
744913
1301424
1352347
579619
565656
655177
5620
1107942
1004237
591071
395552
1609654
599859
878660
494763
500831
1614817
472775
307004
382142
926529
856145
779037
1623034
1881892
358757
959679
1183593
610861
623625
1216934
755856
949716
1642425
1304607
1418411
1355587
1212258
1565026
1444326
375062
532944
621378
454646
542824
1155455
1499594
1376516
1229054
1137345
38209
492012
1167862
352334
1565409
1552186
1210974
287354
1585817
243423
647071
983952
1498169
1486852
1366874
1183493
1632434
991914
1029638
14259
7214
1085800
631550
422494
460951
745361
258668
968123
1095925
1525142
1544429
1590070
942621
250445
1548947
741099
1311294
1025587
1306488
307320
228083
1112244
943463
1327664
135077
1944164
1566687
1078295
1996170
461368
1568760
914220
1687381
1957441
1781359
41496
1179120
337877
1163650
637435
526346
57952
1011862
1920958
1404898
846136
1382775
422496
35547
1092824
716269
1258421
820618
1838181
1423071
899097
664999
114183
1701169
1542832
1097064
678855
881573
1591612
1638193
94820
1697111
858050
1488154
1782175
1471608
291808
1696213
156091
943955
858854
452754
1092725
1780371
359999
1356214
579220
84347
1943420
1875676
411720
77236
1526441
1979330
99791
217354
386822
773614
100539
877600
501745
1442910
1688596
1910822
1410671
1634192
1103001
1968499
882281
1217283
1495484
127903
1027575
1762369
1864172
28164
676513
297595
1643320
1620808
1101525
735246
1327815
155394
1181400
495417
1962063
61327
1379472
17747
917352
384940
846976
1432300
217196
1300183
929913
456235
121099
1340303
1691216
1421029
1004933
553102
1928298
807735
1862973
260914
795083
521702
798956
583070
941588
475476
94582
591303
294229
207849
781495
888746
1629560
864159
1818199
1628110
1137036
762351
394845
849408
766054
859658
1245687
1668602
723260
1769811
1967313
955257
958440
1496049
1425759
1245898
1724364
1649513
181926
1756343
651296
766041
1702917
1135308
1907950
559803
176138
851229
1097436
849846
710909
664831
833157
1670753
980895
1729492
201307
1324039
1537553
1174311
885306
206916
406574
1828044
903668
551654
106809
1987300
1812040
592537
467226
1850950
1799296
207329
440140
820266
1410811
1626310
711601
576044
335644
1427078
1249621
132763
355330
129066
1294177
516778
332508
1803153
1195973
985904
1971604
1173097
1015226
827543
126232
1082406
872040
995538
1636513
27398
1478466
1813660
1059854
243898
670494
1825897
183437
1600796
667236
1950480
1351772
1223052
1378690
1391880
945453
96486
945225
1983915
248560
95061
952521
71823
401436
207179
1601970
1755000
1090393
1303685
50703
1020867
818463
1775906
1100775
516809
1337334
199282
50913
431971
979746
26926
836698
348916
834164
432024
1358117
1567710
1162474
388344
888623
1076552
534851
1232202
1019076
985692
386898
1038275
397942
1853623
650609
1038175
1476984
253090
1683014
383985
611606
1796228
1223968
25426
1660126
1299270
1644160
103514
84803
1681701
337602
1834430
1130240
1135495
1424862
872259
369556
737280
1796150
530049
1707487
271858
552654
1665782
124793
1896347
743456
1383922
407885
1190785
263237
441525
951563
320118
1561952
1351050
196797
1118695
1138542
780773
1459389
900967
1559335
1644890
1336357
228852
1658566
1717242
1392808
667561
1813034
569411
415040
877207
1621979
447435
1615698
1486892
975171
1158530
212606
342074
824096
1789390
752427
1968012
201117
1139824
1512346
780891
1751488
156368
888470
1606682
341550
1462119
1450486
85374
1882549
315005
1416488
1674300
759769
1688985
696926
1561683
464790
1990209
1647521
58116
1308470
1001550
1541683
719524
685754
340283
1951831
1753199
1366000
1803600
1334623
1101326
1864533
1746815
409233
1455136
1309107
1609297
1017096
1142390
1375036
1687000
537736
612368
1738424
1376652
20844
1250348
708337
779421
880770
989381
436204
284870
870766
773809
603088
636616
1737323
1595666
1578050
1113739
658661
1488985
199582
1011085
543941
1215240
1547701
612475
1111980
942378
958626
1456841
114814
1193317
1534070
790212
1206500
1546242
556073
1605276
1121393
1597319
628292
415548
1922459
834858
520501
967386
863159
994259
1946139
707394
1995927
1959924
158791
567213
1936862
1978288
1397117
785021
1449819
1938392
1414730
838673
528523
393101
850468
1433890
101304
490881
763983
1069765
704593
1381090
1307262
670413
392503
1062613
1548510
1299051
1952036
427411
1663148
1929844
326115
375177
1210540
1933177
589343
136461
342297
1195839
1607105
1301088
1967074
726433
1285144
601049
1928000
452517
1169206
892978
135980
360725
1745360
1947467
147795
1812854
1228978
117621
1696125
572217
113973
219499
1370177
387673
498901
786807
153380
788400
346795
1601665
1958285
1088927
743311
970032
1265234
1787271
1733679
1601078
1707203
396812
1204378
1941980
1872357
1922624
1331567
990186
1775160
1014505
1929166
227510
1598314
1776005
146370
1396960
794642
138462
1142465
378721
1720373
67784
994212
675988
1971913
1339104
33655
954869
1260052
1966099
788022
1381015
532688
570702
540837
1255130
117816
1746490
1024501
1078244
574318
1344430
8503
964077
1168678
1745061
1308488
260759
73518
296875
1369780
806063
710786
498081
433573
428511
926475
473409
564197
1524100
669097
436874
1000904
1409945
247469
1457526
1844513
48425
1198210
979332
772787
975692
107022
1851760
830420
1029246
157507
1802980
1105444
1971788
1290566
744793
1172898
808461
229703
13748
440999
78744
543842
896559
311872
388838
1792839
1412540
1939397
1835436
1412763
982317
1390990
1204296
996248
864991
1273272
856000
374083
563974
1495012
85432
1009759
1283316
1881721
26505
654081
989562
819337
1583345
608242
913452
1548190
1451084
452129
1591074
975303
678325
453396
226115
1878405
1450308
501932
1076273
586951
1494570
1724986
1717453
368420
617879
1616106
1317489
164490
1898756
1539686
1072642
902564
895327
1936279
690303
481886
185388
1913928
558605
1083886
1746313
140388
728513
1220748
714702
837464
909569
1855984
801780
1067884
555962
1541870
1331067
1450474
530553
1787088
1603525
1916796
659270
338411
1191851
1242049
760755
316492
1129929
732135
312368
918820
431634
389291
240530
1069136
159547
425924
806902
178134
1521665
279568
592770
759792
946363
1253702
1521047
1836530
1300979
1262132
979322
1869972
1572803
669387
1887311
1203848
224386
1195280
1444240
471448
1234318
344201
26966
616790
1079059
311297
829287
1416828
1584360
1945944
703826
581611
101370
1931209
981798
1732467
1758561
983612
1656873
874646
1212186
1540673
1523153
365798
1906460
1392316
735406
90509
855334
1668701
158076
1767665
1444541
23256
1948490
1638163
326978
505207
1121140
1757799
1428757
1993138
854806
1683014
251585
1876550
1221000
1642264
303866
1285332
1769688
642940
643318
1436754
1475744
1948575
1718258
1475182
514122
758128
1689252
1956027
769859
1024414
260194
45761
1050291
1899812
1666176
852082
1845613
1663301
1628459
1163058
1147723
1605543
633572
22190
707128
1182261
640019
1292806
1891905
501684
787694
713866
1639589
1573780
802731
619815
1169294
1498062
1303025
546773
730090
1495230
1795007
633872
994966
934743
375042
1165996
1460766
609707
1768099
1424333
1071617
276037
1013946
497362
937907
181319
1802469
1136992
512284
819718
1141020
945440
1521163
1693925
698561
1674275
641132
404701
1318555
789065
533697
1170361
1576797
464271
734735
1854383
1821481
1061365
1314106
383492
504431
1043395
131556
1161092
1840229
886385
1079300
936083
1830387
1280638
1398002
171581
863257
1922180
1965720
344172
124397
526513
1334488
1741200
177537
284119
92468
903140
873349
708694
1907179
1516642
1536826
1605080
1491106
1905834
1383126
1926263
530529
1767069
812606
335609
1787815
429921
1926187
521577
738834
1145907
808312
1370808
250765
1560451
551955
1481063
413222
447250
978440
1137780
602740
547980
1147937
445892
709637
525412
1252576
751763
321551
1924798
1132973
1978795
1833985
428625
1833099
1677753
614717
1749046
752921
125911
1391285
1459563
1545719
1548536
1821914
1454599
1438773
934337
852229
488964
923038
227678
1251943
704939
844428
1969362
697405
1125185
704733
938462
1496331
748193
723287
336468
1172036
1913566
1768402
1921516
253684
1385662
1894364
1983100
492376
1213763
377981
104886
655779
1210245
711080
1716291
186473
165921
1643268
288865
641938
784684
1661330
105998
677990
1862570
1305839
1793283
505914
981714
1420731
663426
1258648
1862379
248808
43975
943206
1501292
1620999
1038972
529778
211101
848967
718249
1833668
1965972
1615358
1692753
428576
1514085
1656913
536814
788341
1568607
1417428
781238
403237
799671
1046179
862515
181783
1328329
63027
669358
1862304
1579945
979803
1482535
787228
599296
1403518
1653955
836046
438386
1197318
305321
616501
1205288
463040
657652
829404
428122
464409
338355
1978930
1733137
1592967
227900
1695310
250827
87695
983376
1653129
803318
105120
1828873
892211
1927401
243645
351164
73551
674699
1436374
1066444
307976
717713
1267452
1361778
389131
1536163
173189
1964279
1973255
1477263
750659
1784052
461469
38249
1736030
612722
538937
944729
287724
968067
1260167
1148347
289903
43925
1645156
726663
1799165
179624
1780362
1119919
401407
212422
1948593
571352
790679
1872488
61366
1019116
705332
144091
206128
474869
246885
8304
922056
1398567
708082
787500
231098
1608121
1333825
790640
1768283
870732
238164
61129
573849
1183144
693326
1416337
1828024
1543741
471964
793098
638261
1854203
1237395
746039
721525
1064615
835909
1507045
276579
1911066
1461488
1446431
1284439
1111445
1346343
1274874
1668180
572779
1929801
1383892
767586
232841
1520864
431928
1490732
468189
387250
1008276
401147
873509
1367640
392131
866143
1108685
70276
242092
531970
1853252
225437
600278
1845577
1953752
1479116
121148
1705170
593555
1681521
1638741
1535871
1672297
1518437
907068
57224
615638
1449775
1624924
575116
377664
138698
1856074
1479622
1631111
1262332
258624
1882997
1882430
193873
1788210
1625611
585824
1345721
3731
251548
1064663
244794
1976910
110377
223264
1274219
1984619
153430
1963412
347314
742106
805640
430494
626117
1570811
292214
1552604
95690
61591
1580235
1813491
1073185
1586900
961267
1509524
955048
1798135
475192
1149009
225789
1338069
1810892
574875
1890695
1901169
679639
1230710
576183
943547
88011
1365656
60304
1937981
315588
536427
1329694
826402
1611269
644465
1054184
1257147
468497
964254
397345
423491
723972
1628212
1217089
509224
969856
1399661
1757829
1025552
16254
955328
1374509
1547840
749103
946548
984109
942485
650790
1532751
1745876
459827
981099
812143
1845847
390311
1749931
1219399
1951064
176882
1599931
1597539
354294
493414
518390
597233
56978
1499075
667179
1594926
1687601
1660884
1579226
1928980
600572
806091
493758
695968
37365
1449107
201397
595049
1736373
282667
583901
747070
517182
1335239
588411
967692
1130805
1437110
574430
775130
190484
1591175
1334676
192182
38242
499364
523537
1483645
44536
1475114
809937
1768656
1128968
1786389
327101
250978
323730
301085
40079
873608
815577
32544
565209
1074307
1192186
232102
1798351
1196905
1082867
840430
1007476
317457
443754
436978
1268349
895512
715711
236142
734309
1280059
1947760
410159
1686032
1106707
1120297
1449117
1289157
551366
1780481
1013477
52288
1238364
726510
1507668
2989
97524
876613
882185
1373926
417188
1771894
286700
36289
1712442
1232337
632820
1300551
1952397
1324309
383754
512620
528501
1049223
1453665
1951818
1874396
1599858
1915997
1366849
1030383
1294051
305660
1408742
13789
1967130
1713585
1470799
821671
1596541
1269028
1234402
1312669
513666
492944
898572
409515
1395733
807753
959557
1142210
214843
48399
1813748
689342
867812
872320
1392072
1430201
1915974
1282262
626880
316199
915205
846152
1119584
789649
598869
466402
481330
1026014
416462
16834
25828
861705
1974005
986500
283419
564974
1122590
968617
1101666
311776
1132427
1568314
1445893
242401
1531598
1835545
68380
234348
108768
113513
1625660
854215
1210058
1369345
516576
1789567
876781
1682607
979070
654167
1390667
1094433
1900049
24137
892974
1737089
1010778
1495410
181868
865758
729712
476150
1318571
1608789
1467521
702578
639347
1193561
1704627
1814549
643069
1318055
955573
1284573
1400243
435877
1317591
1434172
1348021
530945
95506
1208031
1860739
1833678
175272
200776
1628564
1438426
323113
939933
1251608
50524
18950
1243552
1629062
1472531
1513185
1061969
1280886
777222
1614280
1401090
781086
1132987
303941
607762
587633
482351
1561018
505339
670767
875758
715722
249395
883527
885674
867558
948803
1198882
1517318
1271801
1426697
499961
237266
257820
65493
1758268
462548
1559346
1955350
1605661
1458963
911716
1353011
665384
1812253
700695
442290
652765
1572419
1534765
1682965
702126
1105487
763884
1557937
1157326
838906
496897
1500454
810403
1858420
1545582
1008339
771444
1056897
259488
1787814
1943261
17852
1913188
1853383
1460942
614530
1154604
924593
1435838
45965
323826
81386
1971861
1636153
1538759
1518786
1526145
426442
1602636
869590
1523405
607077
1336211
393481
329938
99140
133628
1476438
1494064
157691
1352261
1486419
566063
567045
558983
31655
864081
1227982
1582349
1539307
919015
214354
46836
1628153
1510932
1956379
1105182
222082
1589640
918533
1671079
294143
1043027
1695399
1585818
1905266
1710467
154136
946524
1894868
512038
551207
319818
568328
684822
1444756
608850
63704
137766
1019365
630898
1694994
1664080
129049
1675326
1590878
962034
1892291
724694
1167438
1264466
753963
703009
305895
1533771
1573290
1003617
1425323
1058258
942048
1935827
302406
411571
1140555
1041178
160971
583912
1394964
868059
1910456
1516261
1096651
461864
1042441
811833
612224
694111
801944
296308
958635
888028
38960
27260
1239595
494377
1803581
1725690
723624
1310693
844321
1513315
440765
935618
1151765
937667
1526393
595843
976272
534448
575666
1608163
1357014
1154715
1012
182578
193048
661694
587939
659515
1066416
1896160
1150997
640512
1723853
440859
514044
1818140
1437633
1977664
765744
667393
382558
1339320
1696924
1924612
554181
230567
414830
1696650
1807942
62415
777734
211297
1750636
953689
1381418
433479
1380820
1676397
1803670
374291
1135955
827136
1134054
335321
1607660
591371
786380
477488
1624744
1354148
579145
1294911
1607403
386827
377616
353633
1910096
1644273
1073074
539308
1822933
1113158
1040405
823895
1699725
1328624
725357
1637449
817654
1362608
133712
10102
25212
1179427
226248
562306
1063193
1092995
695401
409902
1691621
1602884
439854
1198780
1737487
1879377
465096
64543
474467
1566205
219935
476220
331995
1824660
36180
1130913
432468
573015
1423185
483050
1297790
392191
954839
232106
1364377
423354
1018365
1639791
954120
1955482
1015
1841670
328689
99750
75361
1125055
751044
354221
38057
723232
1980739
523767
879768
1321287
1114606
974708
274864
1686099
1507684
113861
879968
1365695
224586
1869150
1672716
1067259
29331
54169
1896943
532641
798535
1205402
362467
54074
174001
1375006
1196100
163876
1530119
689835
1592468
1476381
1699424
937305
1926060
1286969
1708960
1029250
1349177
1390357
809530
1080874
403722
427548
256275
884785
1881907
668105
1621017
794655
1315148
275871
850322
1668193
1943946
50191
1069281
803892
1673671
9366
1385064
1309416
1812949
532557
1670952
1389098
1049764
1948898
1111676
857592
563338
1148451
1279992
530712
813676
1573648
1100697
1789478
1120355
1231699
1811541
1791333
304564
531782
1593387
44356
722924
1106808
680292
653822
601181
1088107
1076633
910516
296221
596975
524157
1707310
754786
846007
242496
773993
318734
1200484
1827754
709941
1067337
691155
146892
815358
1356449
1857945
1757515
1407008
1276969
946485
828758
1909497
736568
1532086
1337405
1240364
1894625
1496651
850054
1022756
1364979
637939
1383049
1373329
355275
1281452
1280534
282060
1144053
1401807
575777
1729872
285184
1477789
1247676
1964426
1262058
1259639
99707
1863304
1529194
60247
1870918
912126
964190
1992000
487365
320968
276910
624943
1479345
404598
1987431
578631
945413
519079
526658
1504589
1083986
1721093
1813947
78137
412791
175528
1495051
1229899
517699
1092091
1905531
1939448
1887552
211666
1207082
1169233
488878
1815116
18625
1874261
1014442
860746
265444
1799564
1587113
208149
1574595
1270233
271941
522588
493714
178341
802735
191571
302137
244303
29824
118972
884520
294318
691358
1781910
1050248
1747063
1858387
1277324
858685
84436
1041604
780465
1072339
657473
921568
1865088
68784
975336
961049
349227
541116
126364
1747930
610304
1276197
917278
508293
1490400
1855051
1363557
259123
1680794
606632
614316
1931329
1068793
1516635
68045
1467499
1433492
991015
1122289
1519420
1713756
1607265
783565
1255761
1544009
1771588
762897
421215
238548
1730552
801061
618010
33942
1821243
1461957
1555165
487558
376419
580651
1533302
1198827
1458149
1346882
470744
1738841
1123642
1702261
1768087
433578
1877615
189558
384681
1016615
456464
13124
798065
1580234
1619544
1341075
1953770
1240118
216653
131319
958878
309538
937916
1989685
566692
1217569
556835
1065875
250097
1435048
1283395
559351
1039861
1183909
517777
1508632
453464
321477
1091787
827651
1731490
372490
1017564
807040
848850
168174
1062776
908062
255380
470814
1412482
1517511
1842748
1945531
339291
697542
1154654
1542507
1381314
586613
583423
379499
328236
1032902
724364
333246
105215
551974
969930
1756488
1868068
412879
1231649
581345
1052700
393450
1036588
1697158
728736
1385189
1291146
543144
1641626
1827023
1995706
247144
871072
1911505
1016623
1665363
214546
1664212
326417
489792
136414
839685
1456021
469230
1175504
1630646
1401762
1859983
469814
858707
1746743
1114095
384078
540261
84801
1447579
615800
1739396
1455751
1000011
292835
43467
437673
21246
729472
769860
1052325
782832
679867
1460558
561706
1562433
1034206
136107
816592
585495
78307
143132
282139
1609451
657633
936566
1607078
1720542
626034
1592096
602867
1088746
336440
517077
295546
100542
1021521
102539
1468420
674787
276888
1437446
1372112
1685401
814270
1881274
1636897
833105
1935109
1566855
1364493
704332
1864599
1300526
1231918
1987790
546971
153367
349660
908978
1581531
507323
873038
744746
1220058
414837
1121349
1389637
205085
1483068
1308726
1486293
444125
205803
1700665
1350863
1651918
1405478
1175657
1101101
786625
969319
1895125
1628075
1021981
1722160
899464
467791
935717
181343
859035
922666
1498841
680089
1318193
1013954
1880923
929522
573538
758001
803203
1682976
743051
72238
1435129
1101378
414645
1491489
1669013
573078
238049
1266107
1509821
644908
81308
1334902
1653941
156500
622138
58843
410532
645682
407900
1948963
1196951
198236
136257
667420
951310
1413362
781392
933907
323062
1695595
436720
1171662
696962
899648
1635477
614098
1974891
335889
213574
1276846
1594471
608735
1796111
1121595
742453
1843530
1632833
183577
554794
1775617
176974
1455304
363367
814254
469953
1120817
1033203
1148147
1023631
842510
663321
1287791
1140771
434967
880987
1493527
1283852
1797966
13442
943860
736553
408375
1767950
1214414
1201606
1522008
1020779
478494
1204794
599833
442139
668080
770585
1194771
508179
1406882
1654446
825940
1577571
1379934
1453708
1779647
677325
1616784
837671
1449275
1378348
1657994
1743921
969087
1835129
609042
35320
556893
246347
431367
1132186
1543630
780362
1276330
1416515
1997766
1267156
1552197
1768485
1370718
1792001
537177
1332744
1791905
298038
130423
1744546
1841558
1707191
1640519
1339557
235225
1591794
193795
567495
375395
1206528
1050005
373313
1191601
1846658
350968
1465313
424933
1305052
1585562
1590763
1691991
139724
1189458
944320
1632211
1166656
15364
155481
1485985
1357735
57882
1286798
1637787
1442709
1216889
225420
1870326
619642
1639963
1193638
894144
1042002
1061643
301447
1313910
947571
268398
1706805
1862980
1902861
2720
452593
683797
1794861
934940
1395687
1111102
1942192
1702637
845414
185083
392292
85773
483612
1431377
951254
534499
1465032
533604
1170484
378479
991452
386932
1881526
353931
792352
1663987
396701
41217
1896755
1465419
92065
1106898
1136528
422266
1647457
913339
1817613
497022
1069931
1929433
16970
1388336
1559091
271988
1695790
967375
608315
959949
1633601
493073
828953
1068352
862460
1516709
1517622
661949
764291
1557905
303606
1824368
1469026
1807841
737945
301293
544146
648100
1980597
354969
1310616
1201559
1136755
163346
1513050
515937
483064
558665
1607391
727649
1974197
74248
1940779
856447
1307218
1801680
813510
1021483
1854033
302422
1518216
57689
437489
1947878
430883
709701
164878
1171014
453718
1802449
450672
638763
515518
228061
1797849
659402
362846
1844687
1526757
207258
1023714
665947
997472
148685
1770175
1630196
900468
1883954
973016
869576
1692620
1148660
1558908
690646
1310608
1990423
195581
559358
1993924
631650
1864630
1183473
863905
1660373
331802
1288159
291261
1838137
1326824
314582
1129378
1410735
875846
1244177
1633725
1764207
613598
1617193
1082766
1723766
372099
287330
1225609
288199
15564
1460673
374831
1595106
494872
454168
938570
337738
1394588
69881
388569
1903520
1869779
1658040
1481539
140739
1875625
644824
1047685
1291862
820403
1451836
619449
416731
740767
1135674
393320
1920140
82978
567735
444963
1712662
1973866
1832876
1507847
307453
866168
987458
1896438
1465849
32132
1336388
1912648
1598471
835577
1257939
146404
825571
741413
75592
1747381
541143
1771080
1119047
1305505
259565
1719440
700367
614814
977763
1429682
1634114
513045
1667709
1931149
1893020
1724614
1292541
1755815
475027
1204413
1376290
14266
1815998
1577144
1895795
788105
1158701
605641
1608048
858428
482988
1204042
1306229
731358
782293
889823
1050663
1646345
582535
1855645
1364460
772522
1142766
13313
1359451
433168
1985462
407402
1469663
1444310
626163
946249
279425
1735981
1484843
1525658
942936
651169
516451
893829
1122065
948590
1840617
485616
281843
1835704
901642
1327200
15790
332129
1431322
487609
538252
1540534
518947
1739550
626344
1380134
1016261
1536490
937109
466397
1305246
185864
905814
684763
353585
374031
957450
1841833
666138
400256
1799711
1829763
403585
478112
974473
1076181
729760
1534890
953549
303037
1796036
536196
1306111
1007681
141493
1424829
1759324
38286
200795
1095132
1783981
667501
1664506
613216
1115124
615447
112637
811741
1459621
336424
1148119
1153584
551248
540146
219817
1179683
12297
1094342
1722745
268040
1862220
835926
395791
338697
540311
740824
1508299
736678
598960
376365
497146
1301263
1099636
1671358
356678
360931
1755177
14873
1189466
511865
199860
660136
1053486
1084995
1371920
1107968
1558877
828189
902780
315771
301144
1222263
1974682
731391
898158
97364
1458473
719614
412593
1423397
96380
182591
671430
1531346
441814
849865
1225429
1334556
652781
1006325
722082
1146695
689018
321297
357428
1581364
1252663
1003093
1156793
364582
625249
1652869
475858
1970090
1430939
1040600
1731350
760228
1251220
1195217
1840308
999804
146275
571846
436373
1904650
969878
1990542
1123586
90849
1091548
1924620
1533172
71053
469501
793033
279604
32117
381470
1182014
445770
1206510
1134957
903969
1804268
1616036
930261
1611769
808301
1009395
440913
1067429
1485530
919860
1383321
350798
1217183
175263
377678
650906
1303943
1498337
1752456
1805244
232398
746748
195763
1123584
1460597
174855
1696399
1353798
864850
1453324
75620
1887918
483908
125863
1627848
1067435
680703
1584924
694369
872000
504674
198349
1968396
1309413
497386
67193
95142
1777386
1736236
1289129
858819
209189
723772
940736
761338
246105
1527242
1339127
764198
1157341
276712
470445
1451804
1729490
1871037
730637
1213449
1363872
1368053
1348832
706876
153106
1868689
1236777
1557740
876350
1210070
971982
1823268
1240760
1735730
873929
360026
281305
752136
982493
864209
1048199
6288
1481956
3198
1059400
1452099
346084
1462392
679915
562455
1072705
274489
475914
793250
1342899
1519210
760064
524288
1517916
719473
1021631
1386977
873153
249738
418121
586117
1942400
628311
934948
545564
1868526
1292831
1214096
1702317
300251
419283
983066
1272781
425060
960918
80651
436442
1764720
1417195
463953
478771
1399442
312099
1957067
1206228
933400
1518931
1848231
1308475
1236985
630092
1724257
323025
541689
1047056
394089
1413259
1073481
884929
1718824
129071
462674
1337846
326629
834046
168370
374319
1151016
1947631
750109
570187
187756
1719976
1455257
1702820
606878
1745245
1220469
1674515
1578398
1681433
1442203
257391
583853
1977906
1215696
736108
768817
81189
227063
1517312
1189477
1864377
946336
96262
144797
360880
337595
757106
1517088
1610037
1053680
364898
182219
139577
804548
1284130
1612153
1822624
280091
594711
93578
361511
668736
1114803
904541
1005895
495117
1117769
1615048
1564955
8523
935046
110655
691496
1806110
486166
1333398
1470806
1550086
422101
1562903
1114949
1366452
1747598
1716377
525657
846915
1520001
1283789
116592
1585184
903100
1116235
1907581
1104389
336412
1601165
1192031
565594
1414283
322209
1713312
877079
1746778
8016
220772
1965435
1400835
1973852
125387
1709847
1370386
1367807
657049
440528
1035527
1520719
1280816
1383013
615712
1445474
1821556
1225281
1384993
160811
1969711
1588070
702805
1752081
1465824
1722616
628563
1088808
1050843
1363366
28870
1430839
1166481
628018
216492
103289
1224915
302341
1499697
1846443
624161
48339
90923
1582403
430120
1097175
1415265
1892537
153400
723320
1017189
1515633
707556
401885
833431
74132
1278820
1541567
874621
9195
1764822
1686243
500992
1454995
272007
731672
581691
73889
1030767
991291
1089073
1019604
1357881
1154909
1701964
353139
1233316
1933059
1492640
286
799487
1102310
11599
957120
126146
671676
745765
196363
366613
936091
471783
1390879
1048121
498402
1942741
140989
1148219
1895599
1477227
304988
299839
63217
835850
1127669
1804701
1228605
961686
633682
1323106
823610
204681
511936
1294792
1847376
564840
1277777
730285
1199929
332044
499377
1316810
1837731
1300309
1993152
1210214
1596557
322922
794156
1885583
328469
843737
439465
242263
1657707
84296
1044454
433716
642175
1806900
1412475
772526
1975855
519247
82308
632974
1058177
1466357
1024078
1090163
142676
459224
306673
1610158
1309365
778369
1966034
1997131
1404880
1579484
268264
1664538
495654
673823
587006
824797
1252674
1326798
50815
592333
1659342
926956
1076392
1252624
416559
1758923
1425339
337515
1406066
141037
1796002
503120
136383
926671
1617395
1953547
1039552
870537
1981230
1211315
1365603
1950609
1084644
802355
1959343
1903484
592035
639336
570576
848097
1549260
1639739
1200877
419639
1249932
767215
806681
968897
696920
1119608
1973276
1056463
1986556
1591139
1538204
1834803
1866017
1051274
900726
1823688
207097
1724275
1218599
193536
830924
640002
1009653
344741
1507265
541242
349790
496601
93195
777115
317559
1831661
804544
1092180
135365
889955
1221084
332043
300415
20759
1172584
38465
612853
215606
1892395
287885
1222941
964747
1798032
1485501
1341207
89752
932014
1877814
847328
706903
615239
582931
1844832
1102687
1933754
1060062
1084571
1530122
249917
206557
1265590
1010258
805299
1280295
13602
681736
1300908
1834961
1403714
1389873
162403
1504662
1075406
1386251
867149
318566
939811
9323
685318
843358
1803728
597749
60090
1427147
1630884
271885
1443967
1116270
1942481
1754125
1313987
761726
1917349
1552256
1974763
1711330
997300
275812
391880
74099
863472
1472605
127220
860570
40075
1920759
1147693
350198
908696
322170
1963120
640366
1590590
145451
678172
1258036
931700
1997232
1032950
1854445
873987
1949238
1052160
1867096
1261927
381777
698530
1242440
986049
1792957
1652961
1382891
895496
614196
533941
1819259
354165
1001529
847131
876888
1991003
620793
1733053
390305
1007653
371038
756893
585709
603986
652049
626643
131538
427430
371551
1814292
1297960
956812
1463969
402980
469346
1892914
146263
1251713
1891283
632288
1149838
339840
1852428
1924879
1341235
1057618
232898
1556306
1026067
1509285
1888216
282755
1712873
733581
1852355
1756963
691116
508241
448604
1531352
632886
988934
1716847
1471814
186761
1936444
110268
84361
1726783
1090791
1363521
753256
1713787
16269
1767021
1526779
134496
221297
1020147
1765033
1392637
413751
358835
6590
1275850
1434463
1405586
984743
1141491
557992
614530
493467
865842
1605244
1147903
1126664
1697270
811332
386713
67333
971915
1938350
1033953
581341
363353
1924717
1805014
708984
447580
832722
1452956
1825649
743404
174265
1920431
1010816
909667
703798
1305296
73854
520198
1902617
1270665
1783640
1491229
1653379
1439502
742554
1856532
1394244
1539421
1709047
1009630
171546
1902116
88311
201565
1325921
1666907
1149693
1757244
409743
530563
1824186
1469579
1813072
1953942
1981761
375520
1799415
171522
1741038
1420622
1616896
1276890
1236223
1234380
420844
920032
1563118
430538
497838
699506
261046
1096472
99774
1954934
264517
1540817
771020
1222771
1006620
1347888
1710792
189918
435327
228807
448614
768209
552259
537550
1650930
256042
1236593
28527
188553
1895460
925923
1445078
756082
1754945
441213
1668577
1946160
593483
1574452
980878
255700
1393558
1435459
127268
800194
1139041
785461
1403458
1537716
193664
1905970
255895
1169999
28368
1782026
72082
35851
1374313
5550
407240
152640
1115646
462019
934805
1070160
730688
1772547
695339
1390410
471090
837711
1519101
313345
1468398
570570
1652187
148480
947057
1168206
868834
972659
110374
670288
522017
1776123
226836
1518762
345074
501592
981946
134259
766413
74939
1114169
1714127
967859
1363791
1555499
1633665
1923025
649894
1448330
241431
771827
972888
1776809
1223407
711712
176387
1058003
705707
1322529
628634
1026836
476857
880299
1589664
1907239
1383244
1208601
770178
1718311
42559
1685177
1338328
1923808
1916628
622529
539568
1546712
811902
1076041
743438
1041845
1375690
213092
30419
990318
996329
289474
633028
934291
1022526
883946
1499454
1051928
201983
655530
1156465
136348
765035
1129127
629385
1490016
580381
1587314
459857
308739
413293
1149422
109970
1633675
1062445
520942
1250121
710417
530019
1812993
114658
1870595
457608
1023446
1435001
501140
1587405
1369885
698961
1841672
640334
1244281
1237974
1854197
1454982
405984
1654562
156009
1310421
1023503
412106
794479
383385
444817
132519
931252
1123981
964689
1951642
1642072
711837
135192
420799
409856
867271
1915875
20963
61161
661674
449517
1958192
1438416
725030
32808
943903
568084
528255
1726596
1654253
1431175
796095
1362149
1409203
777665
198981
674115
1878280
738260
809154
531495
1954949
1492501
1630337
14316
1497744
1399913
1321491
1853235
485565
1422729
668111
405067
683561
1657009
398379
30664
1889641
542978
480637
155869
91002
936266
955577
1918025
542956
1629562
892169
1250744
1971449
1790935
1803207
257941
1950355
1772131
1822120
1457401
1168382
1533709
31804
378797
409736
203473
1178905
1318799
233964
1902044
1470083
166197
1698409
670942
1053582
1430841
69924
1370627
61152
32201
193831
847846
12061
1889917
325294
1072506
533364
1279271
1442170
364344
947482
562769
1884212
1698771
1663322
1346589
1526173
1832904
1185011
359290
1118070
1222569
1546135
11814
1865891
546192
654742
911348
414391
1580269
921455
1342985
1354936
1015486
564712
726563
1567601
480378
613915
920076
1615388
1992560
714530
1474475
1115988
1514868
1986214
89638
114011
1664056
207208
1481622
122237
1407687
1395979
1480146
529061
1987514
1114533
1435246
929352
996297
865360
1193712
611280
338390
738491
959844
596396
830399
1456694
887626
559947
184661
1573241
1208682
354847
712249
525352
1829052
921311
1621708
604624
1036667
981971
682275
328555
290122
1818027
907266
1307915
1432271
1198112
1485954
1440507
1298838
970650
1620582
1237889
57778
1045712
713016
874258
364399
1104801
1951830
687312
701830
536385
610558
1026280
1211928
1764042
1511308
1506764
272359
309522
1406805
883656
1756789
834369
46670
1707565
1515118
1791019
304429
850714
1424338
1914935
1992917
780309
248930
1736282
1701178
1169720
285928
283889
495789
1515854
5577
1518182
80849
716988
709619
1051027
1370160
1105327
933864
929033
1621117
151802
1293918
465386
289584
391467
65143
708981
815876
1573037
1019176
1047207
1280219
908407
1720061
1093397
429128
56611
401083
1847539
218760
174237
1015311
1860790
19373
601863
1539136
1385394
583327
803450
428708
472020
284946
1570941
673303
1765772
156125
313916
1628875
45607
323407
1788188
742839
240667
379421
960790
1102855
1112406
717895
324760
945553
1119622
1973775
8490
1968546
1191373
1527122
769114
418538
726252
1308036
1994038
1318409
1136599
1815179
1293308
587451
925801
1290757
28134
1596472
378846
1745979
27829
1416123
1449923
595349
1981948
1977203
620515
1353888
1381630
328823
1627707
304436
1936948
22919
1217448
206650
1811765
1874031
1158622
1816756
197139
1054331
1015250
243456
998233
257395
1289087
1884830
1650450
1280284
1880980
1377374
346885
1036202
884410
504596
1296386
311598
334547
1452373
1804837
900200
1384864
1650004
1711509
1267212
1238817
635416
942588
239197
1510273
397877
493535
238531
869533
320000
671433
578768
1013947
884200
1371879
15190
1176898
1611687
1714381
161546
1179956
485494
1208895
1123945
1200034
1384973
24611
1078707
1823461
129485
1305909
785072
1247108
1874234
742458
468756
618790
870075
719729
1969940
899983
1060559
1939538
649210
655677
1062109
441175
1115026
1459631
1243254
1374148
1903393
1478781
1549574
1043379
158824
625200
1808747
1759233
883450
997967
597954
1002470
850875
646738
546829
1238279
218431
1409874
304824
1922453
580993
1679007
613532
184634
623504
409388
793715
63041
1161514
1560710
1601103
103298
1496163
1238512
1164285
1805334
1414225
1403937
1856193
578592
1926387
26949
1768560
1333842
913158
1038487
620532
738937
1671944
544963
137272
1468021
958276
574063
822905
903158
1077957
1893042
1316649
251294
1601139
1256324
1092004
1501118
701266
538782
659811
946327
1709149
1126900
1387929
1692117
943871
505694
330044
315653
113088
603479
911016
1797417
166428
966010
1801119
1582314
202577
1033446
1544472
580003
1745317
1547813
609893
355140
1590321
1042647
265056
1326296
351854
1722231
166621
1004361
722049
981589
809111
355706
481733
1400813
383679
43785
1454864
151078
1801017
8227
963141
16383
507610
1338473
202936
1366746
940016
748243
163848
1049598
1097755
1770771
989182
1557440
390826
829345
824382
199062
1423167
1827846
1971138
1320124
1775190
1292574
236354
262115
1285408
713228
271883
1217566
376139
1071461
765285
1894073
1422481
851105
231981
993629
626351
1155967
257216
82834
789874
1439435
1909125
121654
882446
428682
227115
637035
86897
1636187
1245793
650678
459366
816660
651834
31955
652511
107016
742951
1122721
1377932
1761668
1512459
1866142
788421
570862
1920775
1278667
15758
1148071
1152782
512029
801411
948970
1933265
1042819
1938056
1270848
720636
95042
1146702
644435
373916
271374
48723
258647
1982777
1088743
884552
1983048
1101193
1801369
1290027
568184
1308336
1312121
175592
944082
144097
508196
1504018
315167
963304
1029995
181907
479353
1765456
274457
394763
1598340
1799262
1432851
392151
863047
1921049
497237
843704
449902
1944695
1604546
1785336
1200304
9489
1489796
1760013
1037162
1035346
1415100
556880
1705605
665312
1458480
423268
1515342
188819
675057
437861
1454119
190344
1056294
16384
1905933
637065
81178
98886
1349341
199277
1966166
1670281
1401260
698717
1837431
423280
303398
17646
832866
1453404
1297954
243223
470484
1789617
113957
1984295
1431169
724149
559601
1740054
630015
1278570
1317423
1957531
1092828
1328662
1238333
463417
387590
1396216
1117467
1444412
1315189
1309226
72742
917119
119825
163994
1305951
371426
964654
649516
705776
768004
646842
1241659
1465989
1521626
272629
706247
1049510
1754413
1050125
478325
1920915
1445229
439899
1021144
1369996
1990769
1153224
767716
1485378
1447729
1295380
480540
1917479
281968
1945473
1053341
1764947
1645818
134216
61436
392788
947112
1162982
1582211
1611600
858733
568139
70604
441502
1964964
972798
1581164
1055425
1701422
150700
540389
633890
118306
1607413
1509018
630634
1657668
926212
17549
1405420
29111
511691
645881
978703
599736
948060
641195
1205144
1536292
622959
1402133
1767334
1041017
1783843
672881
378579
1166863
1588641
1130979
833529
1251365
1973403
1926069
1839092
350796
372610
414326
1649472
143427
1279074
1245611
855631
1948297
1322280
1711494
1395658
1342936
385257
1331346
302283
654636
968968
571133
160033
841898
1125460
1657397
1161715
359922
476795
480049
1853696
552582
1324786
778510
9738
1459543
1484290
786693
655115
242969
294085
203220
1088571
174013
1913102
1305198
223962
1878970
103028
1070628
1146598
138139
545259
1066310
546211
1747798
1474971
823717
1665978
797586
138201
1342390
295521
543801
446051
330458
49037
347543
1852695
917058
25691
456338
1637989
898438
1982391
672320
1504915
255338
1864331
392115
1449622
567347
1533568
686058
982131
1149607
445361
1403056
1226460
1151409
1116769
1036910
1919488
949533
229175
194884
963024
732075
1496880
1496471
413443
971551
398397
816708
1581707
344314
1445443
823852
1648425
1583970
755656
188066
803218
233496
1063870
831101
121855
1084342
1730259
1125032
1807460
538533
1672030
572140
438570
65346
973121
5960
688899
706697
53778
1061564
640216
1119093
1096206
92169
681916
1730568
596274
1355515
30775
1870161
279616
1540520
994763
1081286
83078
1411786
189840
977067
560603
590610
1555467
655596
1267267
74594
1920026
1853410
168389
1479633
1510992
1933314
889892
1799673
306560
1879571
579885
319580
955632
1752372
613734
1190641
219899
1846550
619664
1624765
1378441
1592061
480328
596388
1467745
474363
644189
261526
91664
1484946
889740
1838642
880555
1220724
1441889
967622
1662254
419883
1528353
1805725
1774752
1267879
653496
1967050
852595
595477
1559547
1535205
515264
21848
1753373
1792588
636898
1709008
1415006
1919039
477696
942024
606222
711033
1562109
1922716
453187
842196
404639
1435458
1829117
1611020
1121332
454780
105980
749390
1636811
1396666
781775
1060873
1880558
1376389
373928
810470
1576087
1274234
1294915
648087
292068
691521
1590488
1877964
1762338
736960
71968
970236
1944761
896206
346698
232207
420369
1213774
154053
231870
1880877
1691498
1121611
1210936
1629876
1190778
1962506
677267
597912
135993
668504
1114950
598565
590135
392761
882128
950898
318404
1243466
1035528
1134983
1387078
1887651
1106131
697850
183103
1469826
512761
499288
732291
1882391
1152789
817121
1369660
1886968
1946797
854403
1860981
899562
880491
559738
543551
1853775
823918
1098367
1507517
465520
1802673
1214024
924959
1803114
856748
1825184
1154921
602167
605581
1552687
957526
531251
1955971
1010019
561856
1471960
425854
1619039
844686
972598
1533780
927621
1932719
745602
713933
1970861
714555
1899608
1940071
428256
1539907
1644327
1310003
106713
1179365
1675273
330365
315794
885786
1443680
406350
1005481
1514365
1824273
1859519
1045301
1859651
1712184
1023693
882643
1355099
1257341
403479
338448
356234
1250562
1968421
1779817
1528783
389693
47651
574670
635302
2463
428500
59932
987237
195005
1465656
751306
1493286
1519450
18504
856491
546649
974911
1749467
1702226
377719
1298375
812884
1185302
789470
1319098
1687407
1496215
743093
680945
1985547
1495935
1609343
1571494
86275
88542
1461548
914072
1483818
1212708
551196
416327
299248
1579515
110879
598433
473859
872304
802779
1647973
266112
1476944
974089
1051937
945606
679933
1206411
1317649
313952
1198966
1612094
1445951
928070
193008
1790031
1999961
297546
1344970
1164415
1387588
1275082
268598
153537
1339310
153864
1705715
1403490
783141
187634
1994905
36802
1699220
1078872
969998
1626337
1068287
227139
271160
1679934
483983
1735285
1090093
624199
1359701
1565176
1723386
424202
813212
1887626
584827
1729542
336223
15996
934856
1103767
1200319
719440
1335084
473218
734168
836230
1048819
345972
1047695
950478
1320864
709802
1114557
584098
358661
403715
569875
72338
1048091
1684774
1494770
657478
234012
1058718
300698
920602
1492675
531934
308648
484009
548329
1201680
1382609
1003390
120394
1964962
982126
1510500
347066
1906725
239139
1272150
594730
1882240
1872423
1877824
247158
291464
1722862
920266
1877794
1880856
182229
1186219
1141743
1401103
1931195
856380
1564985
1838026
1941735
546074
82051
70768
1903320
90793
491321
72336
1250403
531032
536242
1579224
1272627
1764353
1652382
846955
1330776
1780726
436472
1174215
707637
1614446
536124
744643
273153
1142358
313170
71095
233089
881687
1287142
1761258
663255
690668
780409
1908356
153166
1908671
1093208
722580
658440
915236
152869
520781
1580053
1030000
940806
928209
517199
953350
1619358
1102716
906366
134319
1162543
1912160
1333213
1983061
566367
1493262
230764
545296
1542667
1529742
423196
1434553
1276152
330528
389183
602489
481358
1811342
828453
1120810
1104337
205801
320458
1338140
324279
1673563
925202
758109
1965013
1402457
1848080
154386
382652
547445
186711
856839
1242300
1318034
577905
1165083
219452
1134172
1541315
1461476
492964
1489814
605052
957869
561059
1080457
29393
1410601
1995009
120273
1736497
837505
1164443
1935084
1614762
158855
1532495
680612
10971
196340
687137
306166
1541584
498531
1080429
765376
1170268
1947322
1156224
1345539
1484767
534239
576521
595354
712428
836176
1744803
521
1035049
1720083
1041577
1070406
1054961
407628
1894132
1124396
472940
101981
1697816
241966
645411
1167496
811743
1205085
338093
976113
119799
483846
1498024
1774631
228792
1502253
1208919
383201
473615
48134
1108867
823034
1921706
1526206
530047
85499
1926353
310912
1083303
1887209
556821
615732
1152605
1839111
516425
540876
1422968
1872099
1952747
1055981
1993753
1778213
849847
985455
1511880
915457
684802
955240
514583
157926
384730
507189
859128
841758
1242323
1302104
1658116
920027
434985
238543
1218974
1834976
113150
1953295
297920
932042
645086
1260312
991584
1791436
415649
1713202
269155
848631
1458329
1463470
1903562
1708063
663820
171849
617830
214972
1705339
1550625
339489
1914641
1580324
1199610
1274774
787189
943017
1817531
1298443
1051431
1217174
292769
1953785
1516617
622032
951257
435568
449841
840316
1586929
1374088
659186
1786019
1718018
509304
1826565
1960374
53376
1287069
731354
308475
1478229
153471
1400802
1129960
1744102
1335294
1049130
1145585
257360
367410
1812632
1902612
1650527
730940
1304898
1121685
1743653
312148
911744
206898
1088949
1567579
79753
1336524
714755
310438
1654358
1359266
37087
1648223
820969
367124
713082
1119530
1916482
430807
1589397
1427943
1755631
736217
350962
803359
842874
1412726
120778
1123113
298981
992697
661792
1701252
1573810
1990755
75495
1864004
307845
373309
630138
1512308
1233180
1345720
342981
625383
1828345
214953
32506
561915
1166125
1753685
1933340
701591
639943
230681
911334
1909282
609228
1110150
422112
967184
757878
179857
1955373
1798652
957527
1623320
733593
654252
1553809
377919
138343
1232686
1175416
571207
443501
698898
1055204
1325920
1836951
1189963
1773677
1441208
399124
784786
1549152
797443
906931
1741505
51379
926903
1489563
1323965
1522598
1492014
1058407
1414881
225738
1367783
1257391
48120
662420
559518
92821
1900492
1401075
1353832
1402375
706277
1148713
303125
1898675
702063
804235
459764
527221
627271
922244
289336
1846616
1885602
1654004
838157
30804
408500
728689
1759479
897395
1769204
1311027
1530146
711772
1760891
477519
500474
1523288
1019989
782520
1503752
1593603
1588863
1951032
1263005
1620200
1192779
1767424
475633
1055129
923729
1628056
1632046
1833505
142137
1189890
1896379
1972230
463348
1887957
1176215
354349
921080
1712915
353957
1525689
448724
1750699
1330524
968995
1159210
649964
824261
748118
281311
1492845
1064047
183869
1243328
1362593
1741116
42368
1540638
369058
964788
1093525
44923
274250
1788360
1944523
1178375
286997
1812211
1631509
153080
1682482
642633
1766241
1940970
1028747
890750
1877433
8211
443217
1601275
204836
1314744
95206
1658184
782055
467489
1793159
714451
782795
1703488
360730
97751
912644
1029992
466063
322655
1682912
571721
768265
180373
138057
116005
1601870
583663
1934874
99061
431440
885871
383373
1545644
33661
1125141
1142716
1712360
674973
1637896
1399718
1398824
928713
1761072
984063
1273221
1300447
1759951
1379094
1758807
1940608
691789
966909
358138
1474627
1785614
444164
114365
410880
1357232
1447697
513795
570934
1636652
176298
442652
1619335
1184576
1516636
1461221
1892553
449429
1877067
800309
704645
690683
466044
535317
1864888
937105
1606156
924190
1737031
1862454
1981487
51303
885472
1448052
1412631
1036325
1975000
624310
1540310
645755
1744855
875368
952705
244617
1102093
1381795
394265
431455
120705
4228
982068
987435
803640
736364
1729338
298155
1604739
1557480
829227
501722
199152
636494
1433308
817400
1124611
1487509
137445
1160918
1062461
1639377
1157262
1113539
339273
1610790
125022
1221603
1143054
560889
1323345
1506437
817091
1224550
1169465
960891
1778599
1588646
956120
866321
225240
352576
589701
384572
39555
1924063
337879
986533
814147
427963
1299609
1977980
547602
1410942
91852
1262832
1450890
1147475
507841
1884849
469967
1166114
1402578
440835
1461652
1232469
535893
1567850
38728
409171
562809
240498
286193
1656522
1372934
559203
215916
287322
1405928
1315883
69008
522835
1887004
59229
434970
958827
1280689
1727092
103386
1726752
70804
806249
1223558
622802
980030
1676576
1772550
1005013
1546195
1504757
1665385
1546008
1125501
1726115
982053
1218240
1102653
1850846
538533
1940956
1348986
1293552
30825
117886
823977
778621
600359
935138
1654948
764094
921016
1407428
1096569
1953850
1837285
490400
1399234
1686512
1001185
140765
579177
1954482
1483886
1314577
692707
1330034
977635
1028704
238289
1850838
1958193
350434
1509286
1643160
446110
829719
137707
49530
1774360
95476
1526379
718062
10488
99062
1849570
826633
64898
176490
1973057
612520
1800527
1383027
1928423
51302
1340126
320180
297356
1193175
1247800
367017
1033433
1500216
1676266
1516647
476047
813936
465224
346003
1408311
782571
1205273
127421
362567
645791
1366986
1851883
258300
1961111
585748
684472
599849
140339
1300534
322412
1698746
1609968
558028
933627
1583317
241931
1274273
1729032
855506
914332
1413477
110957
899373
1397644
1645472
1686282
174631
1001395
766610
1202365
1501508
1013631
542973
701425
1777250
1374864
520504
1519488
1816052
179771
1624430
299780
130053
886375
498457
1866096
537223
1733890
451119
1875287
439096
1901852
1300784
1435053
1051634
290298
1440376
1996965
42302
1950791
1425397
1202943
1660782
1726687
1638624
1950322
1066988
1876119
1314891
1057403
1818434
1448454
348235
1512667
1192938
1177307
691494
294121
930814
1998790
1782284
366959
209003
503153
1413360
232966
1007959
1446668
384235
1735293
536462
572313
1409058
557458
1742711
1521628
453012
1887791
950395
1393053
1991506
1349356
1132346
154176
567616
976347
781545
548054
250240
252896
830295
915724
1012743
1334738
165301
523250
147018
1092404
695258
863524
1100632
375585
387991
256954
299003
775871
968831
1824441
1918624
1623234
1728801
1125694
94473
833611
1728209
835384
1106562
730473
149099
1485503
143274
1246859
1986492
1440121
1523963
1785882
315672
1384602
1760658
1793515
1617317
169834
465407
1333118
619334
352303
1935633
1765966
819854
1933369
1882145
536255
1391510
1449605
1369267
267602
1001391
172165
1797730
248934
1038701
1363612
112842
584462
123488
1823991
451988
1525566
1268946
667811
1441876
1162208
950575
611221
1864090
325679
793874
1140362
471803
1009375
1438292
1061651
1411597
1357433
1389036
1341216
883468
1826358
1581245
97973
337257
1223522
1398484
510639
175301
257444
1523347
207438
658993
1787165
1032277
1299575
76332
206026
550492
381571
887048
1874453
1843810
421549
297351
1400961
610234
1631084
670828
457123
1857691
1642412
1738544
1237968
1984460
884762
180560
1926689
1511061
189028
1371748
533441
1407100
919408
1029270
594334
50491
1920512
1132772
1609713
308561
1595728
881463
1217932
28588
1404974
152745
818858
1860356
330883
520741
480664
1987052
569933
6730
167116
873337
375205
1808501
1303940
361871
1604875
1289201
1484511
1105359
1543463
1292082
1610155
902317
1370182
1158295
408368
1039992
882168
874203
525415
1857812
1150475
1127549
500354
1543803
164693
1365096
1735909
1128521
1873317
810806
1920725
1528571
711850
1362075
225747
131542
1599560
1699971
308523
447815
336903
1849356
772772
754468
296478
1373427
770189
1650575
1596946
154624
344538
1422578
679633
353518
1961182
1721022
1120055
167763
956893
1721638
175633
1612543
881516
1910748
204451
135538
1589248
328012
769060
589576
558367
7793
536208
810899
8078
23141
598463
1471017
1976862
1617279
761817
1246595
1782919
249649
201550
1053095
1156548
1612109
716220
692228
1819648
1752517
86005
1150341
287639
754879
645367
1359273
50012
827923
487695
100452
1546108
881698
1549576
1185967
368186
1910009
906657
1177652
187072
1129250
1412126
384315
1356138
724915
1245350
146132
1321385
1736190
1551935
1552735
953318
819661
426554
1909480
450197
1447368
294912
1556595
508767
751773
249475
580416
936973
1046544
1142255
77900
474068
1176658
472638
984479
1350255
1146324
14084
971302
421334
95106
291765
356355
449811
37589
414439
143100
985542
1598193
826419
632873
1148922
3781
805756
404588
858057
96409
225426
1462861
823485
1447091
770710
1165139
1495496
670386
1356409
1857450
227982
1088518
1092988
357268
132555
603498
1860572
1646375
6665
304487
683100
1665905
6260
1462120
1780856
855991
1040989
1319877
674915
455102
1021907
1166896
1685864
723164
1785672
1096318
1389943
1381037
948176
777347
1917956
1181666
1962028
1128013
292153
85842
1219767
1054645
878055
1584769
131060
1920607
142772
837333
1620082
1932342
1609944
1912366
1485378
894458
985943
1050471
1329239
1837362
202394
1699854
949852
1813564
925374
157867
1951585
1371196
1878497
995005
1448010
1778108
843733
1895626
1278174
567025
494114
567260
932059
1596706
1716076
1026598
1552845
568883
1823609
1881029
1093885
1638209
818748
645646
1072469
853475
922498
494462
695162
1672089
1159476
959340
1831852
1903030
111452
1590368
1313557
1922299
620382
869046
1371235
1461806
901204
414525
993145
1269428
406948
402352
1456285
1929411
158851
1633155
1468786
1113004
1107171
536465
1195242
1722085
1116946
1838464
898176
15554
803296
243862
656370
177463
72241
239633
541181
1622874
1790599
453633
785991
1870545
1263714
1538192
624755
26796
1185393
217144
71572
1597033
1109305
802807
1591873
1819716
586346
209217
1783531
1968378
1157429
1388732
1667590
1662303
113334
1624226
1013044
1579487
123249
107563
1343610
1920878
1384094
1256914
396168
1552870
286836
610063
225319
1577502
402009
1345376
1239152
7818
1978346
1638585
158212
125022
809810
1922292
1386417
197205
320238
665903
1066441
1358143
1909931
1869998
61065
231930
476511
773337
1980981
1471408
1615019
1029707
358850
1230392
1149180
1728866
1675226
396076
1405189
1864379
1794423
956217
1922416
942330
873790
1548968
191368
1501972
707650
1138581
1606175
1464962
745402
1189660
1608374
534455
1702065
1673319
1116805
1496768
1323973
1156754
1337847
1225101
646430
154344
1306417
1932490
1481867
1524723
851205
137818
716756
1469133
1145331
1007730
847700
890390
374
950145
1506355
1788069
227746
1140725
1685105
1725272
1752384
427417
1879658
1345985
1207956
1491789
1771544
1070752
1644193
73329
1992143
332867
1761326
1798918
1762892
1336381
839101
1202351
554841
395474
904472
1131686
1678234
1766442
567261
549551
959999
1625352
914293
868120
1501971
265663
1816510
597168
1175099
1904818
1224147
1765024
667737
859336
751016
105283
1064478
1256145
884341
662235
382802
1895886
558872
354688
1308455
1588451
181526
1692519
1108976
909350
887943
1322559
1221062
1929373
1108309
147327
714370
680612
1786915
14786
1204483
1738461
545254
1006176
850242
1211821
736300
23247
1964768
1142465
121240
1342799
414985
785271
918430
248753
977441
115874
246961
1313251
580395
1996865
595571
549639
32016
1527371
1216259
13163
993264
1124468
1591023
97220
1459894
832884
490708
840132
927996
1017545
551244
795446
220998
66056
709037
653632
121085
611199
1729464
641782
741443
394056
1107750
1772609
381759
969876
994733
1129956
1540093
1361616
1249562
973312
337976
64394
1969009
641333
141219
1158510
1322474
1131957
710001
1138125
1775707
257830
1774972
540173
1311194
26222
1895309
646268
764739
773633
414486
640077
1410897
1867317
893911
378872
1453358
1451830
690862
1414029
212640
969270
1836812
650139
664202
349985
1440288
1434930
753037
1798643
1544496
125567
1135615
1514028
1663873
1703375
205286
1652729
958869
1703432
1552834
1135260
772823
887210
1533256
1997338
1416661
1821596
1027424
933066
339246
1893698
20878
1759757
1140099
268563
211653
672114
1064179
1998265
1614606
1085423
1114536
1763990
949435
1117834
1009087
199845
1873790
1805986
819406
1143439
213163
85178
212540
215377
128917
1460329
1458123
10336
622834
1927053
1152893
644057
1611228
1598531
288728
42197
1190068
194848
1521497
1211019
23682
1609560
1359864
1139359
888997
1454171
1199401
1981535
1252978
1274275
423547
933208
994887
716903
1494833
1835554
1756973
424592
638244
68910
1966281
785550
1229271
1359127
1855143
1258909
68476
998923
385932
203305
679648
575595
535642
457369
986995
202556
1905374
1414344
643565
1430191
1678910
372124
1687619
727784
110274
1072471
1475741
111036
1952324
350488
982256
669646
43554
831642
1714363
1588789
33544
1851065
1217214
197688
426384
508543
1821509
1784011
1663212
1689358
653799
1740178
743762
87381
1166825
24945
129849
44835
688250
249462
1199777
964546
1308267
972554
1730309
1175426
233629
1239658
1582308
739347
1149243
309913
391911
1828142
1727962
684844
1169565
838438
1844273
687043
928928
1642497
259881
1994934
1450081
238730
751838
1488343
320733
1608782
1010937
1344690
1046564
949409
525378
1255697
777394
642349
1598426
886224
1409154
1646631
972172
1890091
1729638
666556
1972337
843817
1865877
1770118
1304991
232913
1250367
758803
1318006
1269839
1908202
449637
1533680
1995640
821200
1122248
896284
1708697
1813059
1881415
740914
857864
1038908
500080
866643
225370
1005165
1645642
1652319
1526254
1469365
89287
701466
278993
418877
1343941
238191
569271
1566282
1154218
1523336
1204378
1095385
1282903
1273662
1042239
112551
1665450
878005
476996
306521
1842291
1064569
373947
1033003
612638
142048
7366
264830
1680297
185871
1717272
1315204
1859982
1717827
841387
994628
1109104
799757
1824579
740649
1745419
643565
1667450
381628
1309720
1699865
1521273
1457060
1533791
1913989
420234
1819325
926480
906350
1747700
488638
920085
809261
558628
1108313
105636
1353412
1089970
1765994
83919
1050764
155573
1078488
1874544
154261
122561
87723
625431
1546378
642605
1830316
1569053
451846
230947
212163
1344101
715855
1581822
871946
989075
1158288
226355
740831
1399324
1794949
878617
1388219
945738
692084
623958
1994726
1330827
1350624
1107737
1674481
1462286
1016628
538772
1785938
1957299
947147
1322586
1159897
1953775
1142581
1643107
143170
293984
1071838
1092445
1020099
100091
648853
469880
872399
707441
257694
197131
994471
1204565
155437
37786
726283
1465565
155715
215934
250224
1399997
1413583
502095
1748624
802459
656192
1304966
129881
1640764
519808
1401859
896507
922251
30552
508143
405276
1426974
1928634
1913480
1644771
1814251
510787
941365
553726
713359
184105
1423833
844136
134747
799933
1114863
1328000
828121
1398691
1844769
354790
711685
295716
1958681
112758
1775655
1362235
864654
1951519
1242478
697721
1226615
378917
13934
1546380
793963
790734
546857
116550
1178411
887988
1338001
353068
779893
1439898
1963385
456285
1523273
1712559
1238335
1273447
1304064
1769196
1175776
452377
1480403
289845
694148
251494
890682
644554
942124
213501
658375
279152
1653560
1768836
242841
1751724
1603950
1838681
1702532
1740169
526624
1799682
339558
1205907
126070
483457
1140126
1856709
145763
844915
1454011
1197176
1558318
1611247
657646
332970
1988258
1521625
305676
747123
1644336
716216
1966702
568183
353636
1502847
1722901
165239
223683
1942481
1645732
1914434
1064057
1834272
1541402
1950790
855688
1033317
741857
1541837
1416736
1021002
1603318
1690962
1775942
752257
590028
1957597
944406
1986233
319904
942410
162145
187670
1434449
92175
647117
1003238
137258
1952841
1761162
1775330
1316447
1405126
1380642
889418
1264214
1206163
1066422
563437
3846
1565450
1113370
1801849
1974238
133572
46241
664426
485852
76240
1702169
42843
418721
147166
1418065
992195
1712682
1398855
1353933
44665
790230
1000664
379417
1217676
163745
1431370
293701
96307
453457
1334871
3563
1342235
1959706
165765
71974
1261051
1075792
1516879
871953
282167
1444428
1251611
888152
905557
1627669
1120180
1587316
91644
1862671
554243
1698134
642333
1668977
1185730
908126
268488
531717
1877360
1368944
1259960
1301009
1634851
610324
665596
201809
83945
844875
1496587
688007
1651713
831673
266330
1042311
293965
1154905
1066115
755230
427732
56617
284277
1113860
197198
255273
182960
80113
1116470
1955329
1895953
1613992
307128
254990
13665
30937
971159
77229
1852649
1145177
321113
980224
987225
1543979
593491
1656380
30151
1703070
123474
1561685
312784
881414
1699425
829195
1164208
1385510
896710
93820
187106
265961
1693516
1476572
1416141
24103
1724552
1257374
1908289
1567866
545317
1764698
1517902
1282825
184142
93019
1354480
1253374
698366
1157126
163545
605656
1675959
725847
441685
915201
1765020
1669439
1892616
1883800
1036228
1885181
828718
1493452
1434849
591081
951369
1032013
454277
768624
858711
1802764
1509703
1704208
1702706
558144
1600472
666601
595397
22934
1341284
937719
1456863
578571
1519840
1807822
551180
1466757
1312438
1284816
1119356
1767351
1902071
781528
94428
1184097
631013
780550
3245
608810
238775
1798673
1628208
1986690
467245
1597983
819273
1779446
484290
1752494
1283591
297706
16954
1068849
1771626
478096
152856
15494
1701880
1771713
804643
1821569
753020
1670831
1280616
613637
1974511
612815
307687
860088
1785498
692377
1492614
277331
1866544
1070821
1274247
1437659
1374537
1589543
782228
1316899
1489002
1599342
723315
1319791
202760
143159
1616444
623736
687772
508600
1277906
129206
829323
1900489
139892
662377
818457
524837
1868595
720452
845521
1948460
1514232
1051614
327716
1951650
1942923
1465486
228628
1566413
1500627
1140477
1651327
1682480
226708
689814
354340
1317667
701764
1485761
806353
77707
451424
336473
1661162
1544970
1445953
1635892
198529
1774391
1048936
1638342
1190519
447452
1741822
1928949
8767
1077318
730552
1870846
265256
1716060
1229250
1938366
246835
1369889
922097
1880275
475728
160236
888929
805463
1664599
1072906
1717112
1360487
338014
197245
51025
1527172
722421
68455
97371
1164562
1111556
950860
1814648
1478262
873361
295608
489138
1750830
686251
442110
1035125
56098
1588740
259776
1858836
1608493
1402636
465785
289601
630177
1260227
215868
1168121
1316385
1838246
591526
710066
1003474
808182
1483114
659390
675687
1265378
1534965
211879
579898
659022
1682728
393740
1332818
1427075
542558
1322345
689225
213282
401489
1816848
1798943
1249837
1170196
1123579
1907599
302584
285609
1224976
805370
741615
1804042
901840
1741483
9264
654935
1274200
1192199
832787
335012
685980
1036554
1468878
782385
1091828
107150
286847
853154
546364
1842589
1492692
1844468
1461784
793000
1422468
273742
55087
363078
1956992
1449589
608519
625922
1134791
1383787
196037
1975074
497283
1696968
1590124
759870
1416298
1929730
98771
1069501
644747
1176546
97806
514326
1037388
324611
289152
590062
800095
575091
1083984
1424460
1919124
956537
1513534
1025383
1542220
1626478
461004
962709
1853026
537017
1414476
288647
795337
179825
1076443
1627814
485847
1591271
1012645
541488
286588
1479561
1547569
1182887
951900
1534435
645592
500447
1261944
527356
422695
1970155
868607
960929
1409584
1816107
206496
140101
1038991
1116204
1116062
68059
628121
323774
1861604
1976182
1434339
1381015
1804921
1017103
426403
919065
1584095
1876003
645017
434662
37474
1183278
1279233
733333
1385013
405414
1226096
582271
35941
1727499
1254981
575308
1381778
437062
1482162
1071408
1318796
990257
1116755
1864030
1913856
1029960
1419733
491957
1586104
1372830
81660
1221667
2857
1339758
178414
787515
1093111
1811457
1991589
1714421
677112
282025
1338182
1369979
609461
122753
1155296
531143
564637
485879
1733538
314673
1308837
77167
742889
1272367
710211
880659
738585
1706215
853993
1163692
231189
603840
327229
1687013
1920443
433778
1223424
1913745
776538
1003296
214037
1226868
409071
588283
972135
693749
850605
1209092
1780064
190017
672732
1849237
1754368
430297
663087
1976567
410409
420696
1698939
1358436
1686620
363626
77816
1532173
704038
1206980
1387578
1177132
1828833
1041005
1630086
1597245
1821342
1675165
67419
1609958
368050
1304821
1368066
39747
51732
1062532
1930016
1968137
1879284
1715385
54892
1260614
585060
1298353
1751535
68236
603573
872792
1993548
1404775
1798505
781015
632795
762610
565395
1713581
1259186
1912523
239978
30728
1318185
303713
1116052
1569755
1653306
1417454
874246
1994709
294286
1845343
1632308
437994
941176
1678429
1640827
1000493
256280
1248593
842520
1206849
1735339
1487160
262330
744341
558584
1695129
744488
1170807
986952
354365
135489
1238465
1753512
467988
937308
1090592
1226070
61624
664454
809904
1855637
1834775
330515
1946525
20061
1889241
168826
1359704
1214524
176602
1918126
1408044
1941452
1926212
231267
992588
1495242
1065685
1148853
487765
1744870
806016
826958
1203852
595579
1347234
1229212
499437
1175874
747368
1645351
1361369
1711276
1112450
1786273
1808322
1700204
650637
401405
1661505
1355480
200562
573047
263173
819385
1610739
1791345
1903328
1690062
77676
35049
1810244
475558
1682923
1746874
540092
672476
618972
442192
295109
772759
348894
980340
244821
465795
662133
1355769
53012
753623
982209
259663
379202
54403
1999256
164271
1893563
1419850
654981
509734
1387902
1355710
999248
1451681
557059
1499752
1684177
961315
740813
1416956
1800626
91040
47757
1297843
595153
64663
1757005
1867617
1702514
1368461
401429
1864870
1228531
1566906
315027
41611
1735109
1120344
1572374
823505
263273
120881
1865294
1405008
591259
1814889
789474
1149907
831041
67804
155893
1415762
242658
1872705
1994283
13284
1429965
1121080
1498223
1832377
1876223
215109
538961
606769
1373189
1956904
1827866
1411937
687517
1463867
1550853
430724
425686
789088
1761860
486310
63869
904216
1487954
1275439
1985156
1089892
1419423
824992
97012
365442
943951
143660
1378385
509631
1554634
478118
1438893
1999906
979139
1007384
422856
270364
1065432
1645789
1158983
1067514
1484831
1013433
1461839
823791
1068143
1332128
1005306
1491747
167985
1421196
967146
767231
1906300
169320
1860951
1699010
1520481
1216272
246201
1124619
1947028
96587
1319983
269197
1696000
294114
1371914
747124
292169
22100
462413
1458301
953397
838788
1818940
1594193
1800993
186426
467491
444258
1801011
983111
470184
1225122
241593
1693409
846597
1529947
1918268
1399394
1988293
813342
1277707
1526790
1329956
1800960
1949800
1240076
819196
1115943
323945
456704
183815
1743063
971391
798046
1585112
378732
211469
294299
941377
1630477
863039
79151
243908
1076154
953917
991738
1080629
927686
913992
1636798
1321566
433375
1128030
33645
663248
705052
1621866
677099
1236323
188916
1331095
708925
1148132
684814
1077298
208240
40977
189563
171360
1340044
87368
1416134
1143257
1168626
1674384
746019
170857
1617213
865584
1095568
224457
467966
1750804
970659
763908
1499961
749429
309668
252293
813536
345458
1003184
1255650
1790874
1872412
84910
1838901
113035
1044839
692061
1249048
1294257
908299
1544982
2752
996227
1875432
1502804
452163
1248117
422507
372913
193731
674967
757317
197612
469824
907595
373578
1406668
1340044
1505298
1461010
1416267
506515
494505
763741
1210048
665406
1322471
477444
1673808
285449
928884
1146239
568767
1778732
563504
1913322
916096
1211346
1825690
186767
742805
480167
960229
1235714
1969436
582532
244121
339878
861168
1579584
146358
1936464
253163
1986600
822191
1309071
1017405
380985
382750
653418
1486250
646224
914760
1847703
185120
977385
393041
1636182
1468216
1371416
636672
1431843
742106
564718
1580305
1797623
1640408
862775
1605385
1066293
566357
200448
1472457
692446
1512528
1075736
95278
1968059
48869
170735
288533
618319
1563722
1288494
442949
264398
778738
1140580
1088459
1139021
1148416
361786
1374946
1354862
1723691
1096204
1761546
604112
289414
1959186
1473475
1695144
1040927
626122
1898769
1321416
245758
148280
418188
666907
285864
572903
1631624
1954980
561941
218362
1906309
1077277
411733
138442
1641527
1649332
1759782
362488
1462003
1390365
1693559
1971083
1419548
1651935
1298248
1770035
1473943
618986
995414
1528964
768923
634942
524028
780816
1706307
755524
582528
69735
1014384
1079577
404169
1979308
754862
1434431
101007
1404423
1778425
374269
738497
638925
203421
96923
523390
1244963
402269
1296677
966597
132133
765985
201845
908018
1688950
1546893
403226
1970092
1818713
140383
738942
161399
1750761
1153496
1636085
434053
1358014
735062
974965
783084
1867087
825348
62563
1557089
1371361
1703052
1854642
612841
1882220
49638
492028
863407
1760913
39332
1184358
1614225
628008
9333
648760
859871
1859557
1691815
729354
271516
886815
1835668
1758552
536700
867500
1498807
28253
1411604
1635453
364178
1654930
450992
1449123
690201
630675
1937553
717001
1566083
1802305
952616
1110798
1769274
1404075
871664
1465212
1039962
1114026
1064451
1412120
1562632
815992
133417
1401061
1279018
914063
983641
1620613
256284
1880038
794736
1729979
392059
637207
212134
966725
59659
716857
1460907
436168
1631519
1418385
765408
1772891
1290886
1452361
644734
1461030
1102824
1468401
397833
947910
1736068
292866
560640
658093
123876
33388
1560634
564771
1267559
485880
1741373
733126
1109144
834400
574015
1676605
1861902
155502
808473
168025
1891922
1281973
761755
1375933
269189
545126
185377
286591
1474393
1154331
868946
891294
30648
1761002
1897081
1618971
822603
86077
1071985
530663
1803726
1631089
155652
1505410
1179835
303595
1204296
16762
1459537
453516
1223445
1611531
786810
1419087
542393
1591187
676271
1869959
176471
1017446
749473
431267
834592
816673
794642
1925709
499176
530884
1830093
1763366
66734
165505
767022
168479
208689
224910
1071127
1931680
372416
80222
959473
1079095
1237148
1318648
888201
944158
800174
1824961
15611
466784
413206
404066
1505209
936430
1695572
1463701
1872620
255678
1077503
1292786
1817105
1778138
1781091
1623597
1310618
1283233
1941802
469354
1076424
746640
1131672
1045206
562455
1663787
350051
286677
530109
1043091
927199
1249257
1209199
1578436
271916
1278741
419031
591161
14593
245834
616591
1667671
1678174
1697310
20859
711827
357988
579323
1494644
538893
1583835
1963753
718299
1027848
1932041
1952883
336953
1512719
11156
902117
230586
436984
75719
231796
1424707
1222811
555844
1516882
509528
780064
875452
793164
1674438
616233
1462251
894091
552934
1571722
1579325
1146435
126221
630019
1269388
1947541
1487581
101757
1776495
1346743
289838
561898
1848301
1838774
1659929
614894
1471898
1094021
83265
1567720
420978
477369
1177655
118543
965009
92007
480772
67461
1339756
1771745
704293
849670
215430
1489348
1159348
1271988
1843568
1537303
1288549
607591
163530
1448926
293524
21097
462851
1950565
1543819
564344
68304
1850597
503599
115637
1235468
1394853
173868
55154
1198299
1811510
698901
1011088
1400116
55544
40274
1566065
569809
1059459
1385082
1707360
465517
1196612
1117678
1657489
470945
1643721
398757
657352
1126384
284928
1442324
534316
976079
388099
1031306
1042248
1008807
463781
105049
905212
93372
457219
1045191
23004
1406259
1191184
386716
189357
1534525
703714
999612
746923
1653062
1084524
751878
1676273
1723733
1040588
255662
459828
1344626
882026
981077
1602673
683471
854840
1807587
1763372
1745749
1632878
113038
626899
675520
1222933
1008652
80595
446115
1515683
1883822
116209
348919
1691939
69705
1787135
369283
1270539
1660722
354417
742594
1238590
383687
110170
1001125
408743
420521
881007
391738
1213862
42817
1824142
1335962
1546970
1542855
21167
44505
774306
1782957
1583333
1097848
1614144
1332120
1245321
1717551
1884833
1211612
841281
1846165
229108
1263239
446982
1860813
1808817
924172
1621512
1310525
1273877
210951
348582
1865887
355059
941610
405531
1240158
1691590
1812329
1168370
952134
1005896
226807
363302
83332
1044615
324998
1336729
1286077
1928472
166546
1353309
353696
1646618
766393
75518
1804132
1639140
1691051
1887310
2918
712215
1875080
756912
109784
767923
657911
690399
1406861
1608541
1521716
776015
198234
568469
1576452
238309
554064
776229
1224098
171250
25909
1915478
1996341
418059
300380
705299
1566062
1708418
1639030
964738
1008806
1879521
1322947
1263004
1565854
784091
1939954
1168160
1667042
1169642
1084990
1217806
1013579
1679375
1772691
11743
801116
744594
689148
53234
388433
1813774
572400
949321
1023323
1660227
1757589
1917870
1185542
398124
1633287
1951412
25547
1006731
1826328
582424
146814
788874
1137852
919868
1162917
1220638
1354798
62527
1819084
699162
168762
386826
314316
1874400
1943916
1917841
1370836
1257215
559017
695434
1440455
787127
275582
513110
1906166
1259045
847455
1298157
784717
706746
964251
403752
1876272
216122
772303
1790402
8042
217788
1395954
556781
1970752
271390
1217289
145876
916005
1845327
998105
263034
1281628
658331
317294
1505898
59122
1726374
1467798
460368
71570
369612
90143
1059792
287255
1099816
139670
897314
251114
1204941
1787775
1943916
1301947
910701
1311966
620998
176590
923229
757244
155641
1703786
147951
951190
1466322
1167508
399371
1551432
790208
1517194
193310
142141
72945
1140922
415676
426790
1085495
1699043
1968790
866465
668759
325319
198044
1527072
846564
1772701
283165
606834
1392122
1448711
1532474
1594606
407113
1298522
1445182
515891
1080693
1809834
159726
547521
1080187
213020
824974
859429
1542717
91609
23806
516529
160215
847008
1268375
1438793
253803
219865
1641307
455999
997534
1778945
714505
209801
1407929
888870
848182
1216633
496091
1438201
302348
1999874
1675623
1742616
186931
827864
120905
1508355
88431
1568204
330854
701345
1889872
195758
1469699
36848
1078457
1760256
68576
1810860
299045
1049224
1501228
143448
1188557
1066214
434078
146046
1522587
1062551
1026613
1928095
804307
1899866
1805584
1208791
694307
1550710
971991
1756871
713008
1139584
816293
847972
1515614
1829945
796540
1958471
1676491
1367354
843175
1713986
945349
1678563
1483714
866154
742891
322449
245201
933189
1291047
598832
774951
131792
441007
1795674
262600
826350
656155
393909
1979160
1875107
88766
907345
1759683
1390092
946950
1063449
1842737
1733199
621821
674460
781479
117819
280135
590953
447926
1440834
1368317
973319
176202
1224583
976262
1821831
284468
934329
720916
950092
1678774
594845
1398099
1480824
1766051
1314387
1945397
1111077
255191
637179
186219
1220920
1572561
1978241
1518060
456297
1719685
1501775
1706632
356115
1077017
829130
247339
23669
5856
955956
471294
1685523
487907
892494
810966
1033822
487718
1614517
522162
863594
777519
1438603
896172
1969693
1196505
203138
1701273
1857086
37159
1353274
1026311
133972
606433
336191
502368
1571821
462086
1971385
1992043
560803
471762
1326221
991964
1258317
1949700
626863
1787180
431131
959146
74398
83164
1831136
1837598
920780
871383
115338
1348397
739782
1656136
1137149
1170476
279938
151361
1726237
1815782
156186
1398491
605140
1064946
1854126
903390
486489
520036
1000605
171882
902278
837519
958531
1389207
453705
1042745
415336
358172
695111
148969
1143051
1168715
145815
867727
507359
1233218
1058098
839899
1447140
969420
1496352
572685
903475
455517
1898349
640911
1980886
1587354
1923405
215371
887893
1327966
20282
1541214
1997079
933010
1300191
774910
1716649
369464
320691
1391948
5101
841021
1368135
288765
1312571
1782891
1032169
1425340
408348
320394
56934
978884
1555722
194861
1162436
1020557
521753
116396
1095458
713410
919346
1453741
35708
1681691
573591
1018084
1963119
1960925
475592
1616192
1882738
1822102
1556713
1908240
1841791
1590455
1051002
96955
780900
1729610
1746118
1353920
1765171
1574060
1170070
955167
1795267
971379
548172
27968
1800439
384139
929477
1354904
1651048
1996061
511019
1244283
1789692
1503687
100411
400153
1805883
749422
971143
716480
1949340
1013473
1652090
596069
7816
370981
1559711
816116
378983
1989097
1957266
1365572
317591
1236252
455553
1266382
276265
800484
1600710
70439
1450848
1515300
752189
26569
1813043
1327354
157046
1795720
845175
340134
338752
851298
597210
622642
134398
1442260
1554649
1249081
1992837
1162481
1372466
376525
1461308
468094
523698
819521
1670111
544323
1929597
642950
1335811
864387
1440343
660184
1846811
1423057
641640
311274
1378710
1460018
315015
567687
175807
89577
586755
1184210
150051
1889903
1385770
57388
1318645
1812479
1327911
1785203
1569927
107214
1324726
142553
309884
122677
62864
557349
1604488
1263851
448946
863825
1560011
442621
1278493
1607579
1134920
1917984
1494762
270137
904378
1180177
510179
1533311
1682903
799496
1701786
470055
1770599
371984
868906
1238691
1227224
246375
1354910
1180832
501600
12785
1852091
1832554
1415638
1561473
1970692
407945
483323
361548
74133
1325715
717431
1287163
152065
459695
1035597
1208
39080
681693
1123606
203320
376146
131956
1908056
1696243
502706
947186
145419
1642628
1052186
457378
639792
405628
1915494
1594380
843662
1287981
273620
1241770
1030031
1490238
