1966117
410255
3017
1702893
1923970
1123707
154386
1711867
241898
1129255
322335
593141
78104
413758
683680
214954
1190459
1679981
1555384
1563750
74889
1833019
596889
1618377
900382
1815242
115273
1127146
1335848
1982883
1565371
1930671
1737548
1745728
1183180
236013
464273
75179
229076
717029
630076
417457
768353
76017
442669
1863075
1857379
1180578
908589
509828
947059
1265178
1643745
1077002
739028
435412
1713895
360389
1217816
1187137
1112777
1987495
1419743
848645
1600660
92274
1472952
1371880
15622
694481
847594
645445
1294715
1780430
206432
754873
281802
716600
1117832
37756
231586
1281672
1270305
1251309
84673
1945944
146577
852861
1613734
1078086
55318
1000241
212145
368531
1535647
1089242
1098362
896963
639124
1672526
197370
1667466
1425435
919828
1997110
1530042
1615101
653816
1439739
1780912
1051427
599782
3397
820780
1559034
1708457
1478268
1333603
231794
500219
468524
1518227
343615
702711
1330007
1989708
1641671
1257458
1216708
725123
875288
1599890
262551
621794
42437
1072443
1801940
403482
518330
1384291
28229
1927975
1197073
47794
1450158
7982
548780
560029
585614
738641
571784
988837
813204
816770
104149
642448
915972
34383
1792783
1541615
988644
1199612
1725995
1831300
954500
563778
900055
1332937
128568
1198638
127322
100098
447045
1252656
667554
1067710
675880
1827171
1094691
917486
596187
1385061
427762
596545
975905
1962257
1573434
1895988
1867543
700414
1996794
7915
233340
1606076
966427
1654531
7181
1572580
336029
885480
1455210
738188
1128255
963264
955023
901138
106376
710038
1660482
1235750
1963824
1881549
1012275
1945471
152878
174345
228649
1869081
771046
1905844
1037318
1682281
1864954
1652819
853943
1790395
309613
151090
1655651
640523
869150
641541
1203408
1120727
134853
305037
1562017
1757619
1705365
541027
807236
862925
1565343
527970
876226
1985748
174832
1468531
1855659
1142435
1063430
887813
1915157
1254370
1222958
52587
142440
1402054
1526663
829386
101377
1266820
1181555
1607378
1857436
1028295
1015979
1102856
635472
464359
895478
1009053
910694
1136049
1176166
965073
652950
705866
727257
896800
1160295
1133270
391382
782359
1675129
1017430
1423762
459513
707883
1211329
92170
1940358
539160
940023
888785
79705
441811
1666362
1505280
75429
1877159
1055353
1583437
973820
1200613
1324950
289589
899275
311185
736094
1491623
282779
1518536
162884
1430835
1512833
477923
1106181
1805284
1059963
176462
851652
134356
1401585
71723
928004
1626489
37060
830586
991094
232642
245943
1689008
291086
726223
789774
1100706
285251
600016
1950099
982086
1321427
856447
1067226
1023842
539021
1731103
1888441
1281054
964683
140725
1571139
1925267
1218547
421698
927832
1631908
903969
1731807
812524
710371
434645
1736617
702175
1595522
808222
390097
299380
1367457
726834
207710
1239330
294773
1992585
491097
954996
793631
833774
1948561
1195631
162056
95240
1055788
1469161
765127
167881
306718
1365545
1689926
1782353
449793
438233
111810
1566366
919367
1665776
1021595
1093460
888895
818712
1785541
1404543
1814153
862177
685825
1757442
1728842
1541952
1142865
1377490
1170728
783776
835319
106224
1733040
486699
11337
666135
283394
1068951
372269
648426
1828548
597017
7594
1121042
1318260
613127
541298
278629
975457
1722149
1562870
1298508
1858099
92011
1546751
643625
1733641
452630
1873110
1723549
279586
1085376
883982
1046810
1859585
1347533
1758344
1662807
1648963
498745
401651
871872
794025
1521913
209277
539844
990288
561998
357202
1702001
1431829
1869768
192050
1902498
555235
607718
1130623
1297577
765315
1681
993762
1619157
526624
783357
1726400
1338132
1320583
1312249
9878
150121
1590621
1501644
1912604
386160
1081490
1047215
34872
1443278
1444531
1317452
558422
1396452
85953
1681580
295702
82723
355656
189898
1661783
1233574
1318316
990239
1599032
1258252
1517563
1800047
1366137
391398
1335346
972582
1226375
651878
1662232
1986184
476291
670885
1521241
632456
1272917
872681
1495770
1721438
1660817
1176186
225089
1951587
877038
1641496
517977
1232280
1277941
1162202
49584
793966
502346
1626031
1256129
1336475
502601
1927673
302506
1332685
497097
309800
307268
1180661
1252137
61765
1248023
619670
956871
494681
1984360
283250
1395732
500411
1086115
697125
1960195
1779728
1987537
1813357
1248538
1076354
1905366
193845
1997740
1877081
39548
1034017
418154
1190479
1585064
1871715
908967
1870060
993257
623759
1686583
1928086
160206
726317
1225079
825665
1588792
280971
794783
1958010
1670174
1040272
1445168
558007
1418579
45570
660754
1936379
605903
1683252
413125
177200
90063
1786202
563178
1790851
1465424
830494
1079932
1130853
205149
1375676
1534964
302579
495284
585785
695460
663803
126967
375691
1712151
480352
1216122
500649
1058367
1621678
547946
323244
626058
1686797
722096
1700019
870892
1273336
1027240
1155662
1906072
988276
1526006
1865748
22852
714272
1233291
1077018
1939991
1742935
895035
19757
1790859
1365171
533812
1169502
1459477
759055
1968654
1694084
1909736
720084
1899890
1876950
1293649
1183034
923965
1696532
478576
1814252
740122
1000741
788888
449236
1931403
1114535
1890102
540459
1879307
1986323
1347617
510795
565614
1328716
1478428
242136
836351
1191656
1176357
1063089
1899215
337716
1139725
1239670
1127640
423851
1966798
392746
1992618
980351
1357873
593411
1046321
1211922
492761
1104743
211210
1665065
168187
510485
260679
9379
1920977
783455
803344
1870247
744065
1474710
988731
259892
1401041
1440932
1928368
1991326
937240
876958
61767
1854057
1711275
402725
618468
192915
618952
514949
1469175
1495422
1216926
1010152
106874
973365
272273
730826
533961
937274
1636627
654651
1612225
1505945
1521166
1269995
175803
1814592
56461
1837864
1930637
1842704
690185
1745306
1568516
1577188
1039496
1685174
453240
1546905
555102
302645
1039137
659991
4284
1363114
730058
1083536
978810
1361277
951314
1327706
882441
1898049
1743235
1513885
1400725
963450
1415573
1222084
197180
543788
838085
633710
1043361
1308701
439437
365570
626508
52203
1206461
1037081
233903
1307953
626286
1373585
1870801
139457
1271283
824483
1628023
1660010
976725
167030
1998936
816246
752129
972306
62067
862664
583050
943236
1410355
1578956
1944915
1466985
820848
962590
11590
999588
1324928
1662680
24247
1398252
351400
297094
1317305
670445
1889541
1730404
825540
335629
1080189
1619771
719156
104624
1403863
891671
1142714
1344369
485197
1423901
1939929
393957
1418046
1019177
110935
960976
1780662
1974554
501508
468794
1227581
1659755
671640
247087
453467
1753277
1669990
1605785
1650784
1816924
1907435
778582
339658
198166
1960857
882410
426513
714493
163027
1830633
272262
1296221
1256843
1974675
1157311
617028
1959892
1010909
1176324
1748176
1779651
324943
1160080
813584
267820
1877604
319732
1858485
153503
1652878
728178
61755
230365
136433
340138
110358
37798
507670
1422723
1799147
75807
1859091
1561555
406227
1063890
295773
156931
312567
457186
365505
1568648
1257977
1205911
405293
1085591
662548
1796483
1443688
1248188
1880268
962987
1626574
1074065
1197189
591237
1406703
359748
1811874
999464
1184963
534377
1711543
852889
859073
218039
145234
588381
671765
1670548
733451
571738
1199959
1503388
1823576
1338943
688125
915822
1772941
704570
253974
1659720
871630
1363675
1423449
1657760
1384749
643055
557123
364597
1241096
231979
340966
90917
142456
519361
124426
124404
1360041
1808285
425269
1277942
375984
1876488
690725
1200916
427857
1791223
34201
1465183
1254288
1892408
1115096
1028673
1501547
787589
1254654
1835624
416695
631167
1826054
1258102
1975028
1274198
940380
1272319
377808
223644
1700974
