902545
950404
518496
1757648
192959
742077
1715282
1993505
1609081
923075
1532091
313018
331658
950802
1352919
197656
1257991
1847825
1469621
385418
1180097
1974428
88518
192103
282959
1576577
493606
1466528
1650030
499855
1190593
500324
1755480
491082
192822
1489955
69449
1018226
1110130
7345
1805774
1927934
123077
1846858
1136536
1101092
1284906
834143
847002
1341022
1287637
1769079
1675701
856648
712942
1151785
1404280
305539
1185113
1704279
107482
1225107
1068168
127090
1536239
1960654
1786604
1502347
1350072
295924
337253
1156271
928661
123382
1063178
669310
699467
416224
410061
1608223
1785195
554013
1298292
702033
1352343
624205
369377
1498112
963995
1910823
491495
166463
1024215
84310
1722871
331274
869454
1601045
1556909
1573451
760929
618317
1096163
1605848
15663
1010595
1504598
868997
1660182
788255
893322
462087
1695573
1836336
1537869
1851144
59373
388860
1276638
1002132
823243
1674931
1217508
240335
1249375
917013
132783
172158
310853
807332
182677
1698814
343930
1909564
971684
78412
1721011
307373
1741808
1116296
1285003
1650981
1832249
380328
1647633
1974165
1769343
473992
296111
357049
1008509
1148390
1788271
1816185
799549
1147738
810684
393422
1303614
844877
65321
59165
459839
320232
1506834
1866036
1166361
776957
1949042
540975
1070489
1664097
1490346
1011055
203143
676232
1029760
1521811
955963
1615939
1106929
1101238
234021
260898
1803808
1433041
1309766
496183
1247079
1398191
1560534
1474825
827597
789705
1200294
772599
1709569
285096
679727
1650096
1422513
878320
1113768
1989186
1303630
1138137
1299749
977128
1645591
1643306
664729
736617
697727
134399
1518445
1972604
1062253
982398
941641
1187235
1402861
799980
25827
101069
4298
1079869
410475
1132386
46605
1882214
1410199
1666702
219818
1297824
564605
1983354
1972326
493261
323225
508820
1060845
844034
1064915
830225
919435
1756093
66587
941418
38075
1766901
1545265
1802911
1669473
539364
423252
1408972
1307316
1675302
37021
1534928
843523
104603
522205
842005
267699
1226056
1642782
1602450
1850539
391574
1839147
1179181
1598291
1735011
667011
983610
979145
245749
1135638
925286
850323
289604
1800926
1606404
1597646
1579597
1054608
1726076
1011173
714562
860831
1487870
1000223
1812510
1233065
835557
59082
1813989
370096
1199974
778785
1865805
799256
1600947
716752
1432885
393922
957285
432081
576770
1436679
815750
1473644
1346439
827863
1748871
961926
1732263
1957054
419465
1870156
1225433
1500697
566735
831830
1664620
1793005
1205528
394440
1212340
1607501
1707437
1809819
1027454
1796105
1601741
503691
868006
675751
1449890
1073164
992757
1031285
154352
1580608
442946
1132706
1866553
1862480
431701
375666
1437598
972684
1451594
1824119
616802
1044941
139336
884984
1013239
1822948
385658
1833107
942956
1612170
779985
173174
615832
948950
959799
812305
36919
802647
755834
157461
1072244
538887
1755066
30724
1209240
219885
1619916
1511476
1940339
646257
269145
649085
1017148
1337027
1146375
38836
974139
717292
125731
1525832
1091507
1233870
398160
1823419
512820
1264296
1892209
1386792
92312
1730885
979339
142744
1682150
757877
1779243
72307
574067
685534
1392678
403286
1951112
163299
390313
641722
573034
65664
1254936
1653571
1733447
1297567
1809567
786344
558008
740564
1128259
192362
1403880
488233
278248
1852882
359414
1753213
899508
1527916
693215
1642239
773555
903114
798758
1680246
1538244
805754
1977174
1890827
1107576
1390711
502395
1575670
1221404
1847645
931172
914364
113583
689530
950104
672079
491195
915700
17774
529952
888161
665084
1839542
689639
883001
1770229
1245424
662232
1880317
326965
1345816
982777
1075667
1692243
1143767
1066333
1089647
1498843
1264915
464223
920949
1889083
670040
1045450
845854
1289996
1466772
1622655
865922
440653
1117961
1980729
888043
658268
717521
