295809
1791372
1685953
816652
734758
122497
53663
752992
127059
682566
433897
1056893
857320
491762
139638
1315895
847992
658974
1967390
775319
1311654
1100287
1297941
1473018
51742
377424
1918046
1183695
90011
1435783
463528
1064166
1122448
1662922
202897
1721772
1197164
1721459
783994
1890017
1927507
259003
919381
1297893
1079700
384095
673587
107213
219956
1752718
586987
1612585
735240
1566496
80960
756435
129434
1837330
1979304
1992709
333969
1136041
79356
1740043
491114
1247638
1852131
637099
466457
1093179
176343
380874
785122
271154
708813
758684
1338453
178345
1540058
791001
624500
1915480
413759
1814706
1550071
579749
1534722
197482
307122
725821
1705474
1698614
215292
1273663
613194
1520277
708685
738055
755219
1868446
261222
1842411
1414677
771032
1373926
1037848
252321
990500
239423
1690853
1462706
88010
379524
487517
1423140
1466639
338886
837960
1033892
1029449
214432
1732516
819587
1634631
382380
88995
1319590
1555329
1642203
163382
1294937
1497446
891324
957229
703043
613711
442211
722374
527128
795171
934753
1789736
807621
1327599
1895594
1382552
1203700
540819
1465925
1054041
1975669
1720034
1290938
638642
452417
1906837
1858411
65616
1736648
665734
1937785
1432827
1822404
413947
4924
1185828
1302309
1689831
846240
1095259
486974
1004529
1355649
928920
1293851
1870430
1277753
886170
123280
431703
671075
1399406
421643
192627
914463
985751
729598
559160
363318
602642
752893
1474913
1324727
1793264
224784
979146
1166991
225164
25046
1452508
526889
677415
1970861
153181
79112
1671317
346613
1499943
1418710
1201570
1536953
1027343
568954
936862
67457
1197439
1732973
1481594
878232
118283
1861618
861493
364510
1335877
21574
270305
1119497
162915
1492924
586572
1410890
1815205
822196
691308
1247404
4945
1874745
459095
1745803
1838997
1781550
1542674
1499816
164084
87153
1805508
1534816
1359453
180562
720035
1092913
656626
863847
1463811
1715303
751221
1750806
117306
1586614
1067526
640997
1647236
917557
1791019
793431
663044
166632
272553
980289
1027674
21654
1173396
1383471
645744
409647
1157811
344354
777466
417259
136555
1197242
1443671
679896
1211014
1061183
1237535
1429433
16616
631053
1740635
466275
114427
1252125
349228
454462
1548428
337531
1033452
78046
482642
1064095
1352291
502728
1410159
345249
1614393
1019005
1839994
1533818
661467
1700169
422863
486415
1431341
469908
1517732
26990
1959981
1629408
1158853
533101
1470392
947469
289943
223479
854043
1685233
1346525
1514503
947797
1767406
401868
985695
1942593
933224
752190
420733
1264670
1713993
1269020
664473
640519
1533608
673936
1658775
1206185
1816977
819823
1912174
269911
351768
438476
98643
1544602
159814
1031618
1995749
305764
731744
812261
1689079
83931
713939
1522743
1109432
1461427
387201
582520
1666945
1313671
367841
771354
1795621
367061
1168122
728014
1634161
1668082
1468121
1823335
1939271
612718
545590
241983
745309
222288
301124
344452
20907
121867
1931511
25790
262740
1324055
1319568
1777009
1145069
59121
462286
1959053
341778
1935495
591773
999327
65221
551321
1760591
1789045
1259030
71133
1399915
35197
47086
65675
1296838
1451696
535862
99568
542032
1061478
123563
612
1771023
1928161
910459
1261149
911835
1753486
523218
1722046
1419087
1853913
765009
1308467
183742
894363
1451447
639920
1212934
1898296
1674942
1156742
1579203
1848446
201588
1568430
636650
84138
373890
877880
1625910
17944
137475
1406658
844764
777454
452506
1590308
4450
32157
1731867
709241
348911
965740
757788
1337574
1964129
1768857
1364179
1498931
600627
933034
705840
1396009
1533445
183259
389045
1952475
789091
101756
320375
301094
1761210
881683
223764
57109
1147141
1206868
1063791
1790054
937162
445680
1613939
695876
602739
612033
1261494
1979966
583821
489744
1051552
967041
1806202
1411099
1485008
526985
1715603
586841
705801
140502
514072
1187870
619653
1719421
1292239
686802
1041608
92623
883888
1563406
1262818
967498
1805398
390174
116321
313949
1169437
1014789
422665
668036
874191
920500
265778
474312
851130
1590854
1798846
158891
668635
1364663
940179
651801
1116146
1041221
1011675
424424
901710
1844562
529256
529118
1851337
1566571
813973
82121
1057026
235239
741712
1832174
313848
769589
1604878
1002177
1072262
866490
276404
99411
1990372
1128565
51401
626530
917093
1911125
204052
21243
722919
1817410
1674850
637345
258545
541588
61475
928074
1585515
1655031
742764
51429
1956875
679018
1303306
943667
207572
20143
72806
964053
834092
1257575
555726
278142
1947435
1596609
166620
1859860
1287322
1752861
879261
1458155
581323
1656695
1130126
327638
1636639
949009
58245
801037
468770
1544716
591735
1809557
694568
873979
1501495
491926
97384
1568207
728398
1060128
470729
1060015
923429
1805870
1981330
1470145
1641552
261856
1092118
143149
1398431
1266706
573994
1787424
1936078
1834996
463885
874530
654874
605705
740537
1634251
1448871
391600
1469344
1861896
1037119
1712353
552338
1876618
798873
821059
1923078
591
105143
122013
1545762
252334
1830536
1985898
1728963
611479
88857
571953
864290
1217757
500889
631039
1955326
1377601
921784
1186393
1017181
700041
659208
54856
638111
595800
309213
231684
1417769
866130
1526791
1960542
1441229
908439
489430
1727914
1050195
1630670
1030375
877240
1860668
514537
1654363
637037
1342163
1672589
267320
1408520
1311796
1871222
1264975
1103215
1961473
564892
598712
874918
1392511
1825083
342801
1694582
178226
1900045
1406741
413972
1096346
1055370
1145597
859091
752235
235576
1065620
1620161
1686342
294263
1166033
417573
681687
1873175
569573
852508
1019617
1138809
383882
1984771
701421
1572647
1348378
1279606
1844843
530323
1711271
1578528
1262826
801046
1705276
1087159
523904
44105
1523411
1913527
641562
1118592
506599
1750363
1347573
720312
299068
1534598
1568516
1110076
19446
444546
401513
347054
911634
1077783
881426
1357336
1463244
891628
169819
1345332
318550
1758830
846541
89332
748820
1362632
1785760
143342
1257035
1213239
1569233
1036776
1670680
31656
1070264
500299
75780
1006831
1899540
1996975
600924
662031
133794
41041
1783446
438458
1536921
234722
361471
791078
816774
575591
1940032
482085
654612
1085085
1153833
856887
1320306
470960
1994476
582151
1039687
1050150
1865688
505926
1179291
1532949
909613
1353408
414184
512396
470213
1248558
408847
620237
516684
1397773
349981
1672153
24428
721011
377498
612181
1295212
956778
1537596
46315
1556643
477225
643486
1402116
322527
813511
1381007
1964017
1431495
838056
1028295
175030
1918696
1537197
1948430
1918411
303898
478308
1772451
466082
826800
1655227
1511650
1716232
366432
662369
602725
1573090
1603576
70910
1800414
1712656
906582
1920432
36261
1676803
620857
767446
1970895
1796940
1897908
1906202
677202
1627783
1723619
674
618055
915329
1731004
487531
946451
545212
1283145
1096121
1882540
1132728
1070516
1174839
12576
414707
1484943
1818169
670007
243200
49782
1404284
675340
1564765
343852
1902088
337367
212302
1287139
1684854
142393
616041
1217284
1898754
410566
1625039
1521666
393632
562771
1893131
786642
1683902
797002
581325
265431
531345
1669627
337535
1683671
1790111
1167149
1849979
509285
219892
583749
1874002
1162381
1504359
747288
164806
154926
1612136
1886442
714716
950210
1392271
1719178
1254588
206535
1836033
1297230
905077
1965697
366570
910330
81810
469512
814771
710452
1319357
246685
1113527
1430431
394746
1014349
1838813
1867370
1898771
597999
738762
1292560
1248796
1158898
198169
257164
579382
1040917
1648233
899837
889876
488317
1792196
585038
23013
932395
1143662
928593
1022268
333816
632291
697155
1309978
695764
1551821
1913877
1284436
1547533
791702
1904074
1692884
728198
127717
1459372
1152815
1405883
286875
1336895
326555
1859516
1985778
797213
565268
1063362
79342
1495260
1432080
484681
870995
862223
997235
1218164
526746
591233
360497
1033433
590966
629630
1596021
1236348
1739407
1286942
97461
749827
1255618
1140000
905612
693420
1038430
1926670
537877
294906
721593
559848
1355324
1692667
1594059
1904337
215512
1395985
1256523
441709
1738942
1747097
658945
1229151
1349591
1290751
307687
1075840
1484830
1907044
1920356
926687
412882
1033689
1824676
1120282
608529
24359
1698262
1648299
662677
1467904
459965
893713
534236
1233628
1067066
1934027
1925369
329677
1795913
416236
154053
1294492
1464847
1532567
1674069
1492521
1743635
1462713
1991053
204198
38830
185177
1877462
846693
740844
751210
660123
1516006
118825
859450
1614731
358405
1402602
1243948
1246683
117780
279610
554358
535192
1122998
562908
741491
1073128
283416
231868
1713046
182184
310539
854128
1690741
1327190
1722648
217623
848428
243690
1329302
436481
1046685
1043432
1707107
1071139
507367
1705519
766535
1339440
897738
1550966
102662
1753549
78769
1815236
1208170
1795383
664898
799395
1791471
784439
1530679
1065979
1557793
805887
1196733
1295261
379243
1210975
141464
874254
803504
430483
1993044
451914
774113
739669
757048
1111541
1656145
1767379
1231689
293321
958161
1657681
1225751
102598
1272727
441860
455651
928922
1572170
1008290
949616
1596582
683040
1255069
1431508
1290397
427618
1145432
210478
339
433430
49456
650909
1893206
1973128
963385
1201509
1044969
512329
530037
954774
636031
1184329
772505
239446
1070547
339931
1861854
598912
500829
1901678
121201
217419
1150438
73173
360326
1881023
1247985
1855938
1053728
1392939
475698
1188187
622244
16050
499065
1145566
1638383
1805711
679522
459292
217125
198140
1801012
1382868
1879834
1439041
1440035
701008
818352
652334
1244410
1509548
1270882
252018
906174
1706098
1919014
1343296
1102955
285816
1929351
206557
1452596
1968174
940521
1155223
1893664
441910
124057
1072127
1314261
384903
625870
924798
866396
1411222
1212063
177505
367605
1978497
182091
1572231
1379013
1380797
166715
667790
1923953
1534343
1191353
298453
1244620
1580310
1998854
906601
1733458
1588313
1119150
441483
1167783
1842884
1182386
959573
786257
676926
673869
1006278
943707
840129
452968
446457
1766553
965710
1665993
1391719
1941677
319740
1013375
1813056
1136477
1035063
662293
449435
66993
201000
1902375
973080
1643103
236877
1357766
142731
268025
178860
822180
741145
1350022
1155706
483139
1724244
680844
651283
927196
1140326
113525
126832
615843
1314576
1929283
1015932
666491
1277873
1723158
491050
1429135
426937
1984520
1271652
1858732
463912
1277912
735989
1455968
471745
1038163
1103541
1536939
572721
239820
1729469
77929
427508
200702
1854989
419422
843484
119918
479511
1719030
16437
453093
854763
1762040
267420
1209990
1969001
1818412
604672
1789887
1176509
106017
1816169
369462
565998
533505
1440485
1685009
749206
999598
856742
639195
1493083
1407857
1069340
551427
111755
384533
1817060
647844
924639
704974
1326345
841891
1109921
996274
165710
1439332
538485
696972
1745347
1682859
1308062
857501
223081
1021421
821256
608806
607937
1569043
1397570
1842309
326726
1798165
378940
1288480
806891
1069408
263671
258950
1347828
954872
394642
116599
736958
1451528
585071
840240
1359616
1364287
755375
1210055
794642
1941848
1705213
1875103
1491622
1947987
1637290
1774928
1788154
1173858
767618
1539996
1393404
131666
930129
1719127
1859915
1632883
1736028
436811
1285757
1878426
1866141
1994198
1356606
1329795
71968
454343
1360651
1685714
732760
330980
1069334
497815
988198
286423
945267
790370
667031
653195
1793823
454196
359858
1508763
1745911
517003
1512330
1694884
96465
1578293
1686219
1510945
151063
1375709
937267
966934
291249
132254
116177
766852
1360297
117461
98691
286549
1687082
300859
297823
1112091
391795
357941
1202415
1679436
22931
472493
170730
1286383
1605797
1302593
426809
1468255
153857
1664653
449732
898482
1499609
1340864
506361
313041
690801
1023565
449926
1781495
664531
292761
680363
325468
840204
316074
394242
1157672
1927226
377227
1596431
494034
701394
763350
769815
1229028
1337015
1059066
538915
154658
458697
1795407
836235
295948
779234
1354887
1547682
614832
727538
1398693
101263
978163
54793
1495505
934497
784671
1512261
288406
188247
1590701
1789063
1740565
1450243
136892
169085
926184
773354
1580432
1311692
163879
468517
551748
190562
276991
450189
171994
918163
1423573
1336982
1142735
1411765
1287910
1360027
47054
956946
1753469
1053839
961776
864410
861781
753401
1505101
1973160
450545
749746
477925
632769
134244
1056815
1620300
145419
71330
1299131
937381
446438
1424087
1240569
859799
1413427
1588347
274108
50412
179541
389363
1028912
1997436
1576006
482788
990012
1304485
855388
948820
393913
1643798
879112
627655
1290395
215807
1632256
293812
39131
1990039
891842
1830871
1703640
79836
151089
1618590
698202
878498
543430
130981
1019284
1603849
1090620
218687
951621
1878179
878255
486527
1484319
732094
243401
1769716
1070717
1253431
161958
1987512
1873832
659344
753184
1884861
1908814
981132
225066
1968084
225569
145879
1292686
826570
771884
1666078
1414703
1807666
1879829
500895
1706249
973022
1012624
323403
223929
1434822
314226
1705626
445527
664155
1989046
618162
1337070
890670
590671
978717
800548
890930
140645
1313235
1555494
1290936
490374
1523648
1742177
1066386
1005800
1083810
1177756
807210
821027
1608183
1080764
1225601
1540169
1541017
536241
1010542
1389386
174748
772636
1231639
651499
741418
31926
741389
163779
303095
1161476
972567
1820310
340972
737859
1185282
686466
148989
1197462
135925
958359
1191930
1639792
1217962
735901
926735
1520934
1802477
458783
174980
1973101
1095645
485546
18272
1987026
1652670
533246
180884
150688
98517
1866732
6018
886106
1792729
534226
1780980
1065493
1361961
1253007
12442
1285243
638800
811159
1002547
1187092
1429511
728819
872306
1390116
1396492
1945268
22282
577555
1548276
1915747
1502190
1998122
482606
1601349
1815990
1260173
1728356
755004
886050
1449748
1631940
1866471
1646790
617560
1256067
1556231
579100
1256428
529685
917251
1599481
406473
967163
1791015
1508678
1166752
1776218
982443
1944990
1307379
924578
852280
1413124
359893
926226
687636
601445
378920
409145
1790840
676167
772025
1985101
152946
1765427
1685757
536117
1309000
1948235
138059
402269
159290
1265648
171045
1814023
923589
218012
449809
1785430
385386
1849115
1098099
1963976
16367
1550658
1843566
162664
720751
806242
1257322
594204
481620
1071636
839445
1485284
163975
1007604
43664
1653693
181146
148622
1854329
577428
630259
203616
964886
1089003
1699388
488986
1773585
1882001
1074553
1783615
860768
721525
591355
418696
267201
1176587
436321
396398
1651657
617261
1069755
252821
564623
1062853
110378
1602485
1121427
1931250
238822
1733099
495050
531244
470605
1395296
1093700
1943569
1909101
1661350
1871662
1280344
218533
1184978
972557
286129
735869
288433
635800
1563169
1188015
13798
1347447
1591336
1054890
1890804
392614
479936
1517117
784629
1903171
69927
315110
1590125
1551520
177610
300769
1737704
956468
740156
611898
927393
1835090
599784
1903421
1046777
41227
766704
1179508
404461
277655
1490936
1443645
1664149
867683
815698
1969569
755286
662878
469734
683683
882607
943889
336413
1096171
1958332
106596
1422969
703712
286976
1287276
140806
1778029
956427
483564
1539996
904760
449816
1205237
593215
1247176
554253
1509247
501237
934450
694795
784273
1313379
534614
240600
1245598
1570846
377000
737651
479329
1536923
915809
246643
1367158
1497754
1111643
37474
1436986
978848
1208417
925825
486554
910460
1724977
619347
461844
1152233
623773
638411
1242682
1509053
960001
544590
741624
184593
1825076
493598
522757
647683
572385
746023
375872
1852422
1434542
1409304
1771397
1282174
803358
1504314
1840247
859128
810849
448114
1286926
377971
241842
1930345
1504501
820419
1416911
1621482
210232
1533158
754402
770624
820315
1802463
718786
89140
1623551
1638767
547817
1763598
205683
1516021
1283922
1467030
661196
1944324
363979
1262810
646607
490954
1867681
1296049
1271497
1355478
160212
1696090
910682
154738
545182
1049557
607730
1077339
1478897
1736760
649890
823667
1781349
103504
484022
666671
1218603
963469
1321545
1156432
223805
44873
337239
235109
985453
149177
446128
624209
527467
1175601
569844
822665
226153
1963980
1024206
150103
1643296
1236985
515128
5519
1223571
1018967
252380
1238565
287522
1607183
838074
790490
1369361
1084302
107012
675577
652597
1854209
1460050
1056312
99773
1802254
1214373
712408
1292841
560856
1224335
1510468
1096396
519207
753992
1369125
1782016
1003372
1587015
698038
117555
1724488
184187
1886129
952067
177665
1490878
970651
641464
230520
881800
83920
1844344
1169042
1443342
865349
1890583
35926
1342615
1039537
123393
644932
1824401
1391258
1930466
470566
43478
870656
1628833
1109432
63331
690994
1802727
1559467
1729930
64690
84613
501874
960641
410220
1042543
223590
159975
910140
780735
711915
226863
823579
1408964
1067433
483293
1076729
1966444
1236616
1657984
1970786
1215867
1034208
840737
1237573
201373
794925
1983718
1387128
1336081
1768605
389447
1718292
1753715
1861205
1861208
1402971
1325572
109608
1318606
1098233
1320699
1754769
1714876
693957
1434524
1031969
1840052
1375671
1240193
1978508
475849
673624
202717
1138929
273602
99759
1525049
456959
1094882
1101166
668377
496884
104359
749749
866018
444519
766774
489391
608314
50968
1910187
1449604
414684
990364
1334559
669539
1368089
656514
982330
970380
95704
257165
1826879
58024
356011
423276
1496926
1554800
541490
1636938
1063572
1861284
377969
895954
2494
550068
653012
1360416
1533107
1167302
392974
151443
1362718
1410726
47257
119178
1238794
1177838
599956
595171
1143109
463454
307958
150146
1170710
395456
1095990
1614403
187143
752878
1232176
665730
863324
777173
93092
1132386
207955
1782692
662373
480886
1864403
1141869
1789255
1665470
1497624
1464616
395125
629768
506688
1973120
734156
886100
1368084
1276397
1224151
1607397
1952175
508253
1181886
1185478
879394
142424
936577
1586146
1678162
404044
1453860
1599241
1747324
1393825
374467
4184
1640706
512648
389563
638579
749132
1969928
1841054
394060
1390042
1632523
1030170
1803260
1597039
688892
1662604
1774889
574429
1376713
1415382
887552
447358
754022
67133
1527292
967977
1206999
1109610
1360187
477079
1017814
952869
1304751
227291
1300706
1176961
1163299
1278402
426262
943541
492562
1013821
1078378
54700
429011
175464
610577
1104561
47596
453156
39093
162815
611318
684768
1267193
1225466
1628125
826646
1318378
1124355
1320868
1471745
1463356
1210521
118553
1005931
909416
1228269
522749
1306638
1892077
1422594
1526123
339818
1807058
1294576
1732817
576635
1984379
435689
193306
773435
418978
298310
1574950
250109
1264061
1543608
286404
1134164
909097
1357164
138225
322665
615694
1204915
1367701
1924792
1127783
1688689
280666
1710624
467629
1242359
304085
1067183
743427
1368627
501488
1751275
531963
606591
1818439
363579
1638124
228310
450408
283978
868036
1771059
1286590
1627048
793745
230430
691507
1964674
1253557
450197
951983
1254697
1219763
1857480
531290
1875669
1546672
987137
1535236
1212065
1866960
407659
1030129
1824333
440303
1002072
353509
222747
388344
1144978
246750
411208
1896249
1031866
239452
19674
1661014
245556
1598107
717887
1306296
292462
455446
1894316
1955044
11482
860782
665116
1006098
1845010
281518
544561
801032
527105
1614111
1227694
281433
233334
435182
591105
821356
1411368
245573
354960
1630356
326500
1209882
498689
241414
46119
125628
908
1479562
1081947
653440
1740775
244149
1393920
353890
72550
1388565
494215
1344773
1439480
229820
357613
1259167
25288
671196
639304
1353473
134191
1325281
1695807
977035
1370883
211843
751805
639208
1390271
153936
967926
1715756
1899833
1867506
1102045
959722
339801
966022
1312289
1701524
1212268
281922
1998693
73075
490957
1608334
652321
817442
1480337
1590167
323149
1937802
345084
1607041
1228330
1791552
1384132
64083
1684120
1112994
399041
1153166
1320473
1323084
1513836
802259
462294
1788414
818624
104347
1907204
1293915
417735
1377353
361134
580828
1196424
975595
975272
1461275
1713152
195875
35920
1199173
1187697
1026291
1580488
539026
560647
976650
1038547
750135
1465878
591870
1169999
666112
804537
1065047
1818916
536521
16069
1402978
557784
1481561
1331484
1163644
1992911
425809
682327
1591943
278088
781838
223878
1844830
1153409
155372
485597
322228
929145
1143020
1261274
70949
1519768
49160
35540
1258573
1029934
1108365
1183643
191599
75169
899407
1123022
1227651
248083
856883
1595620
1375370
1414270
1654341
1481948
1688863
231830
1050066
769994
952760
148332
1865333
730767
556021
144650
1753463
1413869
70843
924624
1692464
1512763
534608
347148
484869
1229401
447582
653348
691523
370678
1793851
405087
1970858
1336143
571552
1213992
1264280
702682
716753
332163
1771269
1609030
297712
1237451
1026241
1941175
1156056
1148399
76732
1399634
763883
299991
93908
1711683
1584995
1760183
923306
825703
1790269
1108547
150028
1100779
108663
452902
1542210
771456
1958992
62802
262217
1008710
1036678
1104838
83056
970374
1567255
940315
1939602
288493
201530
314592
97671
1589924
944359
177250
1743010
1828910
1887854
823228
1388311
588249
1138599
1820204
1002185
1769975
1241010
776356
1258587
378355
260674
473602
1932611
592393
951097
1215037
459364
157101
1289631
211116
973986
1224074
551496
1203729
913127
993913
1643417
1079044
1163245
56960
109655
297836
1431097
1313011
991364
1489577
837187
1334504
525470
745255
449071
715046
1863744
578250
418683
1010001
1964628
1358292
1630803
1966655
238445
138620
1749263
318766
1572147
1381409
802686
93776
1450692
1545264
537903
24417
1154558
1714494
617109
1380569
1788297
1723376
1438183
975779
1457701
1864205
762822
106387
853278
806304
551722
229944
865021
1085187
597958
1207550
99907
1073585
1029712
767493
168756
1830058
1941836
1431573
438386
1146996
1643539
391998
965043
121164
1047989
687811
194797
758273
462984
177470
1287405
1062621
985578
1437851
118386
355815
945791
1483686
171829
1377688
90223
772038
1803962
370502
171810
547441
1297046
811986
654161
17365
420207
199469
982331
177688
803433
1940202
1738134
1937308
386344
845654
478190
1408664
1080165
1131680
739650
419681
1052223
1170209
136524
1493380
25549
1126524
1122421
750911
26211
1954845
967628
656144
80648
1990814
926111
1732857
594892
1624711
107288
773243
263570
1618009
1294205
323029
1851651
1971038
1162619
1736662
623295
911613
1055578
669557
1799156
1696584
906484
1697372
646412
1276856
1708460
291233
665723
1674978
860632
200634
1402102
181581
126455
1980062
1918516
236645
1160386
1176298
1544938
1123764
342517
1595525
172402
1531501
1044300
1808531
976165
1586897
314023
395802
122756
139026
1611694
1227082
273948
101899
1675785
998787
179075
892762
569278
1625762
1550026
1512989
1721192
705862
214637
703664
749763
1449909
721995
1108021
547216
496240
395774
1046187
440206
813140
16603
971334
1633548
871312
183838
744717
71202
1984449
55842
1287088
786745
1260857
127441
1859060
439227
1790520
778726
1857910
1955626
592194
225021
1812872
193936
246788
1231028
1199397
1018063
452576
481703
1327008
1541049
1007122
811792
1607805
1359816
1831604
535406
129582
736802
1275912
864503
23765
1386672
1713061
1603805
463613
1920991
1009002
1096599
1201929
843486
947592
1658395
861991
990227
1736421
1503280
311748
1052369
1173614
1012101
736703
379861
1057376
994519
574307
702801
20292
518984
561114
1514576
323374
1074231
446915
498698
498066
1084269
678138
1769216
958864
1551888
1617301
1271392
804956
1806781
1799629
1073921
919968
1395879
1921411
186027
1835663
1757738
180105
1790592
1737756
1000115
1833416
21387
446172
261831
35863
728598
90193
209184
584952
1052550
497138
667287
986798
1778836
1738808
1894088
678275
270203
1589290
857695
1204212
1669261
1123628
1827214
1300709
614163
939784
1637015
1470210
656952
1412851
1279421
1668187
899882
1459708
1045462
50300
359290
272360
751060
682626
1807954
792667
72165
1034085
169253
1264021
1397213
1231958
1658215
1232422
278566
366829
215375
1288302
1903090
652582
1449214
146530
753251
989973
949983
1908094
1572564
222331
731531
1283670
145210
876198
902951
1134937
469350
198227
1267408
338723
1165768
1506740
913838
156580
1179223
1318295
1719470
1244140
99869
1046221
851911
1569087
1982306
539584
1935779
521842
568171
1117867
448143
412506
741496
860280
227383
1570653
1096005
828562
161883
846115
1587345
706377
1359900
81028
289264
1615619
1764367
1704965
1037782
930848
147729
1306772
686254
22780
1316803
36717
1574372
1507919
560621
1481277
17248
790227
935677
233174
861811
942170
1259168
247107
340004
1372341
1907595
1643601
384657
1616419
1122048
459532
1370323
930271
1227506
720735
1562592
1716452
737636
1049325
1339252
1852313
1109544
1257146
379621
442087
1457964
403284
1554922
1960960
1853301
360847
445393
1132753
108262
1606858
1076806
1690218
150152
1166892
1655705
470209
870801
1655355
292794
701362
1533594
1459339
81883
494147
1237068
792336
420631
1557929
1298199
789113
101014
839813
13810
1014529
1913376
307206
557429
1669911
1903028
867647
440983
767006
1799056
1923334
426482
414717
1346808
1909118
1182908
1634912
261331
786829
32659
1457870
792332
72108
783159
193385
185722
1347409
1089890
602729
1898089
604695
1860135
1724107
1573974
1497871
276805
933842
1051750
682979
1121766
595192
684705
355288
1024140
570840
308202
1265875
174867
765815
1712366
1049598
1638990
1762726
62003
1601298
1726917
868731
1504099
506311
11845
494506
1231097
1606210
1088589
1386337
1161132
49974
1554941
244371
1864218
1582462
1247155
722267
1766037
777903
821805
1179765
1276619
1074999
597739
635105
868800
1301104
1932813
1221334
727880
1002952
765226
1325126
1146570
1889089
1337001
1334683
601501
294848
1853763
1370247
34920
757577
600159
128559
1863627
1251212
869083
213567
444550
1976077
696383
1409159
1970348
1620818
9578
1230542
1360782
599832
646015
728445
496153
788798
177513
573896
199664
955270
7992
1778754
780592
232898
1470127
155072
1133106
898908
425207
1747456
321252
881104
1029870
1882864
199896
564877
1970342
450889
1119568
946428
1005391
534687
996943
1959617
482502
1240790
1276775
895944
132897
898204
270813
149874
1446028
28257
643577
299215
1355910
1673362
85620
1247770
271826
1302614
1625615
1834158
1718991
1773649
1837578
1733066
1719850
641890
716947
867550
329385
1408316
736696
1859176
1500246
1222064
664894
1104178
1985349
610923
996090
358550
1719373
579758
1860934
1914393
1754903
969863
436762
172538
1018743
1860476
1390249
886547
1164362
1349019
1933109
101660
456829
1846288
1982356
1051176
1466878
1629682
656317
802894
911007
490649
1178546
372318
669239
454903
1548298
1169203
1652202
272388
1184734
1485724
476425
1575798
774354
1465312
797043
904033
1931243
1661604
475802
498803
1654884
1135759
251195
171296
405925
582557
305475
697362
475140
786762
1331411
1244799
1920626
331962
1768051
783017
568221
1310528
916876
47897
133281
1598207
1897128
854547
70997
107189
1255329
897685
254466
403968
435156
1050144
822837
1072036
641060
1591746
324606
880550
1312103
1364755
1911115
1248818
1557386
1293749
794476
1209536
1809865
1014623
1082441
320043
925522
682495
1607251
1142807
17665
1798575
618848
1386572
1910633
1594085
346041
806516
1374564
724624
1460775
18169
1396299
468865
568829
1376816
1283673
1413552
916641
1281630
1334614
1203276
746138
1989710
803135
67836
220907
350393
1829384
1654726
1620898
1335985
1702918
1011876
1838577
1074265
570879
167925
1509138
1987997
354239
243396
195578
1541228
359174
354553
1511851
657114
1381974
690671
1196061
1617333
1102936
1626072
358614
1535796
1445341
474506
128476
1684782
1645045
920076
604984
85857
918061
947301
20463
1740674
1355837
1703884
945240
643
492318
979669
779445
1239335
1606376
219473
1689667
1645057
1581872
482049
815183
139994
213759
856510
136520
822622
1317007
1219413
589973
550384
766573
511329
107196
786217
1691246
499861
1542321
1389217
1891650
640352
599153
26781
585654
604304
1077269
1542476
1888188
220971
1160074
364253
470283
1038126
1026045
1596012
1613204
1872934
1295017
125049
851481
164356
1919426
1358068
1145322
1619113
649352
1749676
1497582
1546678
114742
1103414
346030
579005
1010572
1747596
1905298
206824
1104665
1073021
632083
760602
895871
1687616
740695
958518
433535
1401039
919880
989428
436146
323329
1962284
1038976
1850084
1941306
898568
778697
886397
1283672
1231915
389137
1673812
1715576
998675
1921402
1187961
992380
1799442
987665
1957753
1598393
378178
753602
353157
1442878
1399685
1378585
1819979
53051
601138
521575
1638912
691619
1844114
1499367
233999
195510
442202
1131947
1697107
178739
1790246
56191
1198081
1504607
1211604
1285281
1654010
1013115
1904529
1928865
1402911
58642
780536
1263368
171973
967268
254825
253378
960400
1167941
73070
1048116
678269
849160
397232
240152
1853602
596489
1757693
764883
1519275
858605
715325
524506
976236
928936
1568855
80462
382556
267067
1283980
1926471
219534
809598
1990644
1404565
234713
844638
1814693
1397059
266980
1292934
130054
109170
880636
1127829
929240
147515
1846349
977026
639001
539933
726209
1126630
50550
928799
1578006
1676970
608358
1604927
1317437
571868
292206
553138
441718
1655073
1500851
503990
1355040
386085
821271
807294
825325
1568605
1656059
826647
238315
1402992
1116013
1396889
1320756
42999
718064
1117308
485022
1186340
1734860
1869856
417508
1311528
127132
383871
377024
549334
380327
146147
615613
1802073
1177959
1277854
562028
988824
1226488
1564406
90194
1469321
1590979
1903654
877291
710750
1285208
1265651
217624
1516690
1480824
318708
1893720
1815421
349527
507875
608572
204457
1207497
478675
513045
1946029
1118802
995767
785705
1187865
1617023
610318
1597470
1293221
892117
1366159
693056
1235080
1557389
1322953
254891
252583
524369
237347
75546
473335
1062038
1570453
591017
227050
135765
1857575
1929614
1291473
297243
270396
484620
1335036
836757
572451
575957
1012505
108227
189959
505928
1554083
977539
1592822
326821
899635
1607226
1398363
1658973
756220
449149
850772
486002
373118
1021037
132918
962507
1728715
1775579
901421
44346
1618244
1444759
799544
776535
1670240
90800
1282136
1501327
439426
336437
1956594
1280314
676069
359338
481413
953000
47975
513111
1668703
705189
1341569
559884
1888084
1380240
581473
1879853
104812
991459
491322
1550601
1462526
1995666
1314495
1858066
1482261
30330
1325714
341290
551766
1734703
933111
864781
1439338
1143827
652528
1565061
711917
1487983
1922533
1656083
255619
1116928
1516583
529069
274649
1316660
356890
327285
1741442
604891
658434
186856
916880
1217721
1590556
1173673
1820549
1553186
164542
719949
1388272
605841
664859
1084572
1184894
1969654
1588069
752177
951543
688029
632415
802299
1400427
663914
246901
492164
863808
587805
189532
270036
209965
537976
1126056
1080234
1490695
313580
333679
787371
1727169
1920370
579157
512140
779331
1075263
606217
1419472
1420269
1668474
1329286
113739
608506
1997793
1054261
664238
761322
1451512
886541
423038
1111763
1902226
288501
160434
821285
611892
427737
1411090
519105
1505
1053560
984739
1560981
1089597
408701
186593
154870
769449
272958
976164
1522091
1607248
1865185
999934
1154590
754529
719098
568173
1692628
105724
808798
324646
1722791
280347
646105
288552
137775
1329345
938574
229756
1971495
311808
155803
406248
287713
161179
1330449
771397
989949
435881
1053466
258407
969655
714387
1959442
1887732
930637
233675
341499
1067203
1060758
117118
1567674
891628
859930
1226282
1518178
823674
1407065
400753
716390
718458
1193353
1608887
81062
45139
650036
678406
18934
1485808
1715691
1800570
1793882
1270036
778588
732710
391733
1123754
1396938
1566586
414633
1548131
89268
1002873
117585
1215538
137410
1396307
1734474
71036
389167
1837897
1192192
1925462
921879
1811083
1836269
1519594
1647468
234529
22940
490708
1486875
80206
1574793
1731145
1117402
1851582
378423
935206
1998126
965457
1546847
1131748
148308
1914233
1465273
1411247
414124
1318707
840304
1914091
458168
587977
1789332
1136637
838072
565175
1142170
1184810
1414797
245916
43704
562016
1386628
1386427
840828
1117361
1402816
1157925
1822586
1939189
1938187
533656
1125307
856036
1698144
260452
36100
408232
1400825
909791
1788938
1594705
23177
1499793
59364
1270442
1170800
240780
1708292
1513239
1519468
680385
207718
1172900
981264
1239524
1349515
537822
895033
1923094
1064609
1269496
1719344
1483442
1657389
220901
1512934
512076
1428253
1501914
37839
483710
1167731
1566732
607440
790882
1310395
623843
448343
1990617
942452
1616840
605555
570811
866657
397046
842614
717883
495166
166040
1178800
1817640
1922649
1512653
6676
1535679
1793682
1782930
879958
1856168
1255698
1608638
404209
1807451
293271
630164
10077
857074
845169
2714
836498
80061
342350
364877
1433015
1865582
1458955
308575
821636
948585
807593
112439
1104127
1728446
1885708
459605
68081
332108
1954025
1404095
1765402
163081
1458832
1377217
354350
72936
1617992
1023138
1086739
1305846
1812420
1312219
1725762
1096338
269323
1771379
1157965
1966777
1989526
1048246
725618
1779308
1259248
158746
117456
985231
764810
1046197
1796970
189656
677096
817019
1650113
1974742
269614
1948888
724441
1618410
1407822
1356557
1276107
554136
1981133
1826844
1017114
372994
99849
1948545
446326
1054195
1449907
130203
706599
1547631
166611
79216
283395
561952
172211
535525
451133
1502313
256199
708069
494824
1562336
293067
780236
1740300
58129
195882
1844166
1184059
1386789
1263802
539172
1719914
361503
166546
972086
1930240
1783138
1455530
855842
1987051
916401
1882740
860886
1886252
1800296
469063
189138
8288
1307817
467151
278741
1563914
419764
1855432
442674
1801249
940054
231162
772011
1140283
1496898
1609605
1214709
1597751
1324025
1603870
345638
1134900
1781702
1125720
1051511
1780358
1388505
1363973
1901189
1004196
844201
1870030
175342
1211788
509543
1485194
1916966
987740
717733
964451
674817
128718
1194352
1807266
1947247
589132
434263
1184599
474104
1363214
1329723
641112
1372651
1583879
1256914
797548
486233
1360895
411375
762212
1173147
1900040
1483862
581287
1740012
221449
768338
1013777
497245
790720
1174482
683213
1353529
746579
535389
1394640
1356039
162747
36424
1113231
50342
161918
1666371
1188503
505973
1211517
248420
980448
1672326
1137203
1441612
1077096
1436023
1352256
21826
792180
1991714
64040
349293
799564
372575
1635922
348982
1315938
1338223
334337
1106567
897283
1415817
71987
1944359
1230417
1750166
1477815
854699
1618999
58921
1063458
1013209
605731
658679
1997273
577288
353196
1543464
1751719
85224
1633499
1867531
400465
613944
810678
900208
457395
1889814
431530
1112208
1099550
1444434
202212
1130376
1195061
703957
1596784
1022223
1432923
1136127
1975368
1462455
1720179
1231836
286163
298815
1244433
59956
1277884
1486790
1320869
1004766
1157477
1358524
607735
1363576
922286
503957
1050816
1645083
214655
1847112
1007523
203588
311543
52971
25428
1578350
1952438
936904
770892
26645
12447
837239
142046
1101369
1669885
1465737
318394
988872
793248
1935592
997652
1408994
1504368
1854550
94034
1125702
2859
1194837
1022354
1685552
56558
1254276
1800933
573102
1924861
1943958
1922237
1082120
1695816
1687729
1917248
819828
1849624
1961073
638461
1996449
839134
724362
1522965
1718133
520189
615369
579218
1330353
1655928
1247048
908514
420088
1690445
1395061
1710163
1645508
1327445
488482
1674220
1674441
953243
416973
702723
1704125
141388
51748
166643
475815
1951578
1967352
853748
1203803
513547
1857763
1639787
1441224
313920
643419
190488
441883
1511853
426031
1358072
550103
460
485921
1896262
1414711
1136327
359615
817287
1731974
716556
1738362
395827
1368177
1739136
861395
631414
455283
1412583
1162587
524902
1237969
1987151
459261
494175
505939
838051
1251020
1033632
636632
892185
874497
436461
1455342
399742
1375747
519854
1969422
1677742
657931
1668303
351083
121220
1369177
1102518
267385
704353
1834419
825250
696128
1354905
1726229
66241
1686999
889764
522403
622952
264679
1969682
487155
1375551
290576
591531
171198
832416
1059785
672966
1938433
320272
756944
170035
1804407
1685355
808769
938597
65217
475779
1747693
389390
1389485
1198698
1567975
262471
781713
892932
1922689
1350773
1214843
69542
1374087
31897
1831705
1581327
410522
1350651
436565
1021905
971789
502579
675449
1176931
140642
1813312
1814369
436673
788533
1963275
689868
358101
248238
945930
1136515
1520538
458528
1383916
1362309
1072051
1967657
461790
1340531
272957
564768
1178302
1545900
504649
1403957
479973
1504335
973048
90405
1572594
994414
616623
1275955
1013518
222491
842194
1568795
627411
1124922
1117303
1017558
1292306
1240621
1837444
1339700
1566042
316966
950746
1784764
860341
916797
694143
1814678
597411
489832
1161930
1072924
1893749
19576
1480160
979823
782108
1701587
1712365
909651
1686775
246814
1550467
26718
756247
1764805
1256802
332943
65488
904176
1514491
658098
1408991
431463
1410896
65818
148507
393053
275208
454912
165646
82200
1711099
400206
451231
1375546
1705556
1564469
150926
467136
1205757
1882239
50650
1316969
815684
1418958
1299897
1758189
1843049
895897
1527816
115554
461528
336462
1734489
798180
665788
1891307
1456485
25777
1090972
1472629
134763
557223
254962
1616480
1564408
1980603
1566183
1269192
429589
1542968
1190584
1783131
608392
590534
494610
1620485
829651
966269
1205507
123404
1651886
898968
557819
46746
1333544
733739
934441
659695
1314519
429995
48445
1336870
601629
1704182
291312
1685957
882912
471750
1177912
320844
660198
97944
320402
1991447
1207510
208450
1031477
1620736
1622632
39397
1084962
876826
509948
422129
1857463
767686
1368459
1690640
847702
384015
443645
1999814
1978616
777659
676370
1961293
19692
1319887
1364392
525758
1980026
643475
74044
578095
1189664
1612057
57403
409447
1189398
360278
1321626
1810205
295158
1884748
1569360
1816414
476356
1223304
1020495
75884
1254858
1665422
370947
123433
1871376
1954846
1397130
1439561
1042427
550362
885024
199733
109426
1929366
457311
591854
1553192
679644
